Time(s)	Elevation(m)
0.0000	4.0000
0.1000	3.9921
0.2000	3.9685
0.3000	3.9291
0.4000	3.8743
0.5000	3.8042
0.6000	3.7191
0.7000	3.6193
0.8000	3.5052
0.9000	3.3773
1.0000	3.2361
1.1000	3.0821
1.2000	2.9159
1.3000	2.7382
1.4000	2.5497
1.5000	2.3511
1.6000	2.1433
1.7000	1.9270
1.8000	1.7031
1.9000	1.4725
2.0000	1.2361
2.1000	0.9948
2.2000	0.7495
2.3000	0.5013
2.4000	0.2512
2.5000	0.0000
2.6000	-0.2512
2.7000	-0.5013
2.8000	-0.7495
2.9000	-0.9948
3.0000	-1.2361
3.1000	-1.4725
3.2000	-1.7031
3.3000	-1.9270
3.4000	-2.1433
3.5000	-2.3511
3.6000	-2.5497
3.7000	-2.7382
3.8000	-2.9159
3.9000	-3.0821
4.0000	-3.2361
4.1000	-3.3773
4.2000	-3.5052
4.3000	-3.6193
4.4000	-3.7191
4.5000	-3.8042
4.6000	-3.8743
4.7000	-3.9291
4.8000	-3.9685
4.9000	-3.9921
5.0000	-4.0000
5.1000	-3.9921
5.2000	-3.9685
5.3000	-3.9291
5.4000	-3.8743
5.5000	-3.8042
5.6000	-3.7191
5.7000	-3.6193
5.8000	-3.5052
5.9000	-3.3773
6.0000	-3.2361
6.1000	-3.0821
6.2000	-2.9159
6.3000	-2.7382
6.4000	-2.5497
6.5000	-2.3511
6.6000	-2.1433
6.7000	-1.9270
6.8000	-1.7031
6.9000	-1.4725
7.0000	-1.2361
7.1000	-0.9948
7.2000	-0.7495
7.3000	-0.5013
7.4000	-0.2512
7.5000	-0.0000
7.6000	0.2512
7.7000	0.5013
7.8000	0.7495
7.9000	0.9948
8.0000	1.2361
8.1000	1.4725
8.2000	1.7031
8.3000	1.9270
8.4000	2.1433
8.5000	2.3511
8.6000	2.5497
8.7000	2.7382
8.8000	2.9159
8.9000	3.0821
9.0000	3.2361
9.1000	3.3773
9.2000	3.5052
9.3000	3.6193
9.4000	3.7191
9.5000	3.8042
9.6000	3.8743
9.7000	3.9291
9.8000	3.9685
9.9000	3.9921
10.0000	4.0000
10.1000	3.9921
10.2000	3.9685
10.3000	3.9291
10.4000	3.8743
10.5000	3.8042
10.6000	3.7191
10.7000	3.6193
10.8000	3.5052
10.9000	3.3773
11.0000	3.2361
11.1000	3.0821
11.2000	2.9159
11.3000	2.7382
11.4000	2.5497
11.5000	2.3511
11.6000	2.1433
11.7000	1.9270
11.8000	1.7031
11.9000	1.4725
12.0000	1.2361
12.1000	0.9948
12.2000	0.7495
12.3000	0.5013
12.4000	0.2512
12.5000	0.0000
12.6000	-0.2512
12.7000	-0.5013
12.8000	-0.7495
12.9000	-0.9948
13.0000	-1.2361
13.1000	-1.4725
13.2000	-1.7031
13.3000	-1.9270
13.4000	-2.1433
13.5000	-2.3511
13.6000	-2.5497
13.7000	-2.7382
13.8000	-2.9159
13.9000	-3.0821
14.0000	-3.2361
14.1000	-3.3773
14.2000	-3.5052
14.3000	-3.6193
14.4000	-3.7191
14.5000	-3.8042
14.6000	-3.8743
14.7000	-3.9291
14.8000	-3.9685
14.9000	-3.9921
15.0000	-4.0000
15.1000	-3.9921
15.2000	-3.9685
15.3000	-3.9291
15.4000	-3.8743
15.5000	-3.8042
15.6000	-3.7191
15.7000	-3.6193
15.8000	-3.5052
15.9000	-3.3773
16.0000	-3.2361
16.1000	-3.0821
16.2000	-2.9159
16.3000	-2.7382
16.4000	-2.5497
16.5000	-2.3511
16.6000	-2.1433
16.7000	-1.9270
16.8000	-1.7031
16.9000	-1.4725
17.0000	-1.2361
17.1000	-0.9948
17.2000	-0.7495
17.3000	-0.5013
17.4000	-0.2512
17.5000	-0.0000
17.6000	0.2512
17.7000	0.5013
17.8000	0.7495
17.9000	0.9948
18.0000	1.2361
18.1000	1.4725
18.2000	1.7031
18.3000	1.9270
18.4000	2.1433
18.5000	2.3511
18.6000	2.5497
18.7000	2.7382
18.8000	2.9159
18.9000	3.0821
19.0000	3.2361
19.1000	3.3773
19.2000	3.5052
19.3000	3.6193
19.4000	3.7191
19.5000	3.8042
19.6000	3.8743
19.7000	3.9291
19.8000	3.9685
19.9000	3.9921
20.0000	4.0000
20.1000	3.9921
20.2000	3.9685
20.3000	3.9291
20.4000	3.8743
20.5000	3.8042
20.6000	3.7191
20.7000	3.6193
20.8000	3.5052
20.9000	3.3773
21.0000	3.2361
21.1000	3.0821
21.2000	2.9159
21.3000	2.7382
21.4000	2.5497
21.5000	2.3511
21.6000	2.1433
21.7000	1.9270
21.8000	1.7031
21.9000	1.4725
22.0000	1.2361
22.1000	0.9948
22.2000	0.7495
22.3000	0.5013
22.4000	0.2512
22.5000	0.0000
22.6000	-0.2512
22.7000	-0.5013
22.8000	-0.7495
22.9000	-0.9948
23.0000	-1.2361
23.1000	-1.4725
23.2000	-1.7031
23.3000	-1.9270
23.4000	-2.1433
23.5000	-2.3511
23.6000	-2.5497
23.7000	-2.7382
23.8000	-2.9159
23.9000	-3.0821
24.0000	-3.2361
24.1000	-3.3773
24.2000	-3.5052
24.3000	-3.6193
24.4000	-3.7191
24.5000	-3.8042
24.6000	-3.8743
24.7000	-3.9291
24.8000	-3.9685
24.9000	-3.9921
25.0000	-4.0000
25.1000	-3.9921
25.2000	-3.9685
25.3000	-3.9291
25.4000	-3.8743
25.5000	-3.8042
25.6000	-3.7191
25.7000	-3.6193
25.8000	-3.5052
25.9000	-3.3773
26.0000	-3.2361
26.1000	-3.0821
26.2000	-2.9159
26.3000	-2.7382
26.4000	-2.5497
26.5000	-2.3511
26.6000	-2.1433
26.7000	-1.9270
26.8000	-1.7031
26.9000	-1.4725
27.0000	-1.2361
27.1000	-0.9948
27.2000	-0.7495
27.3000	-0.5013
27.4000	-0.2512
27.5000	-0.0000
27.6000	0.2512
27.7000	0.5013
27.8000	0.7495
27.9000	0.9948
28.0000	1.2361
28.1000	1.4725
28.2000	1.7031
28.3000	1.9270
28.4000	2.1433
28.5000	2.3511
28.6000	2.5497
28.7000	2.7382
28.8000	2.9159
28.9000	3.0821
29.0000	3.2361
29.1000	3.3773
29.2000	3.5052
29.3000	3.6193
29.4000	3.7191
29.5000	3.8042
29.6000	3.8743
29.7000	3.9291
29.8000	3.9685
29.9000	3.9921
30.0000	4.0000
30.1000	3.9921
30.2000	3.9685
30.3000	3.9291
30.4000	3.8743
30.5000	3.8042
30.6000	3.7191
30.7000	3.6193
30.8000	3.5052
30.9000	3.3773
31.0000	3.2361
31.1000	3.0821
31.2000	2.9159
31.3000	2.7382
31.4000	2.5497
31.5000	2.3511
31.6000	2.1433
31.7000	1.9270
31.8000	1.7031
31.9000	1.4725
32.0000	1.2361
32.1000	0.9948
32.2000	0.7495
32.3000	0.5013
32.4000	0.2512
32.5000	-0.0000
32.6000	-0.2512
32.7000	-0.5013
32.8000	-0.7495
32.9000	-0.9948
33.0000	-1.2361
33.1000	-1.4725
33.2000	-1.7031
33.3000	-1.9270
33.4000	-2.1433
33.5000	-2.3511
33.6000	-2.5497
33.7000	-2.7382
33.8000	-2.9159
33.9000	-3.0821
34.0000	-3.2361
34.1000	-3.3773
34.2000	-3.5052
34.3000	-3.6193
34.4000	-3.7191
34.5000	-3.8042
34.6000	-3.8743
34.7000	-3.9291
34.8000	-3.9685
34.9000	-3.9921
35.0000	-4.0000
35.1000	-3.9921
35.2000	-3.9685
35.3000	-3.9291
35.4000	-3.8743
35.5000	-3.8042
35.6000	-3.7191
35.7000	-3.6193
35.8000	-3.5052
35.9000	-3.3773
36.0000	-3.2361
36.1000	-3.0821
36.2000	-2.9159
36.3000	-2.7382
36.4000	-2.5497
36.5000	-2.3511
36.6000	-2.1433
36.7000	-1.9270
36.8000	-1.7031
36.9000	-1.4725
37.0000	-1.2361
37.1000	-0.9948
37.2000	-0.7495
37.3000	-0.5013
37.4000	-0.2512
37.5000	-0.0000
37.6000	0.2512
37.7000	0.5013
37.8000	0.7495
37.9000	0.9948
38.0000	1.2361
38.1000	1.4725
38.2000	1.7031
38.3000	1.9270
38.4000	2.1433
38.5000	2.3511
38.6000	2.5497
38.7000	2.7382
38.8000	2.9159
38.9000	3.0821
39.0000	3.2361
39.1000	3.3773
39.2000	3.5052
39.3000	3.6193
39.4000	3.7191
39.5000	3.8042
39.6000	3.8743
39.7000	3.9291
39.8000	3.9685
39.9000	3.9921
40.0000	4.0000
40.1000	3.9921
40.2000	3.9685
40.3000	3.9291
40.4000	3.8743
40.5000	3.8042
40.6000	3.7191
40.7000	3.6193
40.8000	3.5052
40.9000	3.3773
41.0000	3.2361
41.1000	3.0821
41.2000	2.9159
41.3000	2.7382
41.4000	2.5497
41.5000	2.3511
41.6000	2.1433
41.7000	1.9270
41.8000	1.7031
41.9000	1.4725
42.0000	1.2361
42.1000	0.9948
42.2000	0.7495
42.3000	0.5013
42.4000	0.2512
42.5000	-0.0000
42.6000	-0.2512
42.7000	-0.5013
42.8000	-0.7495
42.9000	-0.9948
43.0000	-1.2361
43.1000	-1.4725
43.2000	-1.7031
43.3000	-1.9270
43.4000	-2.1433
43.5000	-2.3511
43.6000	-2.5497
43.7000	-2.7382
43.8000	-2.9159
43.9000	-3.0821
44.0000	-3.2361
44.1000	-3.3773
44.2000	-3.5052
44.3000	-3.6193
44.4000	-3.7191
44.5000	-3.8042
44.6000	-3.8743
44.7000	-3.9291
44.8000	-3.9685
44.9000	-3.9921
45.0000	-4.0000
45.1000	-3.9921
45.2000	-3.9685
45.3000	-3.9291
45.4000	-3.8743
45.5000	-3.8042
45.6000	-3.7191
45.7000	-3.6193
45.8000	-3.5052
45.9000	-3.3773
46.0000	-3.2361
46.1000	-3.0821
46.2000	-2.9159
46.3000	-2.7382
46.4000	-2.5497
46.5000	-2.3511
46.6000	-2.1433
46.7000	-1.9270
46.8000	-1.7031
46.9000	-1.4725
47.0000	-1.2361
47.1000	-0.9948
47.2000	-0.7495
47.3000	-0.5013
47.4000	-0.2512
47.5000	-0.0000
47.6000	0.2512
47.7000	0.5013
47.8000	0.7495
47.9000	0.9948
48.0000	1.2361
48.1000	1.4725
48.2000	1.7031
48.3000	1.9270
48.4000	2.1433
48.5000	2.3511
48.6000	2.5497
48.7000	2.7382
48.8000	2.9159
48.9000	3.0821
49.0000	3.2361
49.1000	3.3773
49.2000	3.5052
49.3000	3.6193
49.4000	3.7191
49.5000	3.8042
49.6000	3.8743
49.7000	3.9291
49.8000	3.9685
49.9000	3.9921
50.0000	4.0000
50.1000	3.9921
50.2000	3.9685
50.3000	3.9291
50.4000	3.8743
50.5000	3.8042
50.6000	3.7191
50.7000	3.6193
50.8000	3.5052
50.9000	3.3773
51.0000	3.2361
51.1000	3.0821
51.2000	2.9159
51.3000	2.7382
51.4000	2.5497
51.5000	2.3511
51.6000	2.1433
51.7000	1.9270
51.8000	1.7031
51.9000	1.4725
52.0000	1.2361
52.1000	0.9948
52.2000	0.7495
52.3000	0.5013
52.4000	0.2512
52.5000	-0.0000
52.6000	-0.2512
52.7000	-0.5013
52.8000	-0.7495
52.9000	-0.9948
53.0000	-1.2361
53.1000	-1.4725
53.2000	-1.7031
53.3000	-1.9270
53.4000	-2.1433
53.5000	-2.3511
53.6000	-2.5497
53.7000	-2.7382
53.8000	-2.9159
53.9000	-3.0821
54.0000	-3.2361
54.1000	-3.3773
54.2000	-3.5052
54.3000	-3.6193
54.4000	-3.7191
54.5000	-3.8042
54.6000	-3.8743
54.7000	-3.9291
54.8000	-3.9685
54.9000	-3.9921
55.0000	-4.0000
55.1000	-3.9921
55.2000	-3.9685
55.3000	-3.9291
55.4000	-3.8743
55.5000	-3.8042
55.6000	-3.7191
55.7000	-3.6193
55.8000	-3.5052
55.9000	-3.3773
56.0000	-3.2361
56.1000	-3.0821
56.2000	-2.9159
56.3000	-2.7382
56.4000	-2.5497
56.5000	-2.3511
56.6000	-2.1433
56.7000	-1.9270
56.8000	-1.7031
56.9000	-1.4725
57.0000	-1.2361
57.1000	-0.9948
57.2000	-0.7495
57.3000	-0.5013
57.4000	-0.2512
57.5000	-0.0000
57.6000	0.2512
57.7000	0.5013
57.8000	0.7495
57.9000	0.9948
58.0000	1.2361
58.1000	1.4725
58.2000	1.7031
58.3000	1.9270
58.4000	2.1433
58.5000	2.3511
58.6000	2.5497
58.7000	2.7382
58.8000	2.9159
58.9000	3.0821
59.0000	3.2361
59.1000	3.3773
59.2000	3.5052
59.3000	3.6193
59.4000	3.7191
59.5000	3.8042
59.6000	3.8743
59.7000	3.9291
59.8000	3.9685
59.9000	3.9921
60.0000	4.0000
60.1000	3.9921
60.2000	3.9685
60.3000	3.9291
60.4000	3.8743
60.5000	3.8042
60.6000	3.7191
60.7000	3.6193
60.8000	3.5052
60.9000	3.3773
61.0000	3.2361
61.1000	3.0821
61.2000	2.9159
61.3000	2.7382
61.4000	2.5497
61.5000	2.3511
61.6000	2.1433
61.7000	1.9270
61.8000	1.7031
61.9000	1.4725
62.0000	1.2361
62.1000	0.9948
62.2000	0.7495
62.3000	0.5013
62.4000	0.2512
62.5000	-0.0000
62.6000	-0.2512
62.7000	-0.5013
62.8000	-0.7495
62.9000	-0.9948
63.0000	-1.2361
63.1000	-1.4725
63.2000	-1.7031
63.3000	-1.9270
63.4000	-2.1433
63.5000	-2.3511
63.6000	-2.5497
63.7000	-2.7382
63.8000	-2.9159
63.9000	-3.0821
64.0000	-3.2361
64.1000	-3.3773
64.2000	-3.5052
64.3000	-3.6193
64.4000	-3.7191
64.5000	-3.8042
64.6000	-3.8743
64.7000	-3.9291
64.8000	-3.9685
64.9000	-3.9921
65.0000	-4.0000
65.1000	-3.9921
65.2000	-3.9685
65.3000	-3.9291
65.4000	-3.8743
65.5000	-3.8042
65.6000	-3.7191
65.7000	-3.6193
65.8000	-3.5052
65.9000	-3.3773
66.0000	-3.2361
66.1000	-3.0821
66.2000	-2.9159
66.3000	-2.7382
66.4000	-2.5497
66.5000	-2.3511
66.6000	-2.1433
66.7000	-1.9270
66.8000	-1.7031
66.9000	-1.4725
67.0000	-1.2361
67.1000	-0.9948
67.2000	-0.7495
67.3000	-0.5013
67.4000	-0.2512
67.5000	-0.0000
67.6000	0.2512
67.7000	0.5013
67.8000	0.7495
67.9000	0.9948
68.0000	1.2361
68.1000	1.4725
68.2000	1.7031
68.3000	1.9270
68.4000	2.1433
68.5000	2.3511
68.6000	2.5497
68.7000	2.7382
68.8000	2.9159
68.9000	3.0821
69.0000	3.2361
69.1000	3.3773
69.2000	3.5052
69.3000	3.6193
69.4000	3.7191
69.5000	3.8042
69.6000	3.8743
69.7000	3.9291
69.8000	3.9685
69.9000	3.9921
70.0000	4.0000
70.1000	3.9921
70.2000	3.9685
70.3000	3.9291
70.4000	3.8743
70.5000	3.8042
70.6000	3.7191
70.7000	3.6193
70.8000	3.5052
70.9000	3.3773
71.0000	3.2361
71.1000	3.0821
71.2000	2.9159
71.3000	2.7382
71.4000	2.5497
71.5000	2.3511
71.6000	2.1433
71.7000	1.9270
71.8000	1.7031
71.9000	1.4725
72.0000	1.2361
72.1000	0.9948
72.2000	0.7495
72.3000	0.5013
72.4000	0.2512
72.5000	-0.0000
72.6000	-0.2512
72.7000	-0.5013
72.8000	-0.7495
72.9000	-0.9948
73.0000	-1.2361
73.1000	-1.4725
73.2000	-1.7031
73.3000	-1.9270
73.4000	-2.1433
73.5000	-2.3511
73.6000	-2.5497
73.7000	-2.7382
73.8000	-2.9159
73.9000	-3.0821
74.0000	-3.2361
74.1000	-3.3773
74.2000	-3.5052
74.3000	-3.6193
74.4000	-3.7191
74.5000	-3.8042
74.6000	-3.8743
74.7000	-3.9291
74.8000	-3.9685
74.9000	-3.9921
75.0000	-4.0000
75.1000	-3.9921
75.2000	-3.9685
75.3000	-3.9291
75.4000	-3.8743
75.5000	-3.8042
75.6000	-3.7191
75.7000	-3.6193
75.8000	-3.5052
75.9000	-3.3773
76.0000	-3.2361
76.1000	-3.0821
76.2000	-2.9159
76.3000	-2.7382
76.4000	-2.5497
76.5000	-2.3511
76.6000	-2.1433
76.7000	-1.9270
76.8000	-1.7031
76.9000	-1.4725
77.0000	-1.2361
77.1000	-0.9948
77.2000	-0.7495
77.3000	-0.5013
77.4000	-0.2512
77.5000	-0.0000
77.6000	0.2512
77.7000	0.5013
77.8000	0.7495
77.9000	0.9948
78.0000	1.2361
78.1000	1.4725
78.2000	1.7031
78.3000	1.9270
78.4000	2.1433
78.5000	2.3511
78.6000	2.5497
78.7000	2.7382
78.8000	2.9159
78.9000	3.0821
79.0000	3.2361
79.1000	3.3773
79.2000	3.5052
79.3000	3.6193
79.4000	3.7191
79.5000	3.8042
79.6000	3.8743
79.7000	3.9291
79.8000	3.9685
79.9000	3.9921
80.0000	4.0000
80.1000	3.9921
80.2000	3.9685
80.3000	3.9291
80.4000	3.8743
80.5000	3.8042
80.6000	3.7191
80.7000	3.6193
80.8000	3.5052
80.9000	3.3773
81.0000	3.2361
81.1000	3.0821
81.2000	2.9159
81.3000	2.7382
81.4000	2.5497
81.5000	2.3511
81.6000	2.1433
81.7000	1.9270
81.8000	1.7031
81.9000	1.4725
82.0000	1.2361
82.1000	0.9948
82.2000	0.7495
82.3000	0.5013
82.4000	0.2512
82.5000	0.0000
82.6000	-0.2512
82.7000	-0.5013
82.8000	-0.7495
82.9000	-0.9948
83.0000	-1.2361
83.1000	-1.4725
83.2000	-1.7031
83.3000	-1.9270
83.4000	-2.1433
83.5000	-2.3511
83.6000	-2.5497
83.7000	-2.7382
83.8000	-2.9159
83.9000	-3.0821
84.0000	-3.2361
84.1000	-3.3773
84.2000	-3.5052
84.3000	-3.6193
84.4000	-3.7191
84.5000	-3.8042
84.6000	-3.8743
84.7000	-3.9291
84.8000	-3.9685
84.9000	-3.9921
85.0000	-4.0000
85.1000	-3.9921
85.2000	-3.9685
85.3000	-3.9291
85.4000	-3.8743
85.5000	-3.8042
85.6000	-3.7191
85.7000	-3.6193
85.8000	-3.5052
85.9000	-3.3773
86.0000	-3.2361
86.1000	-3.0821
86.2000	-2.9159
86.3000	-2.7382
86.4000	-2.5497
86.5000	-2.3511
86.6000	-2.1433
86.7000	-1.9270
86.8000	-1.7031
86.9000	-1.4725
87.0000	-1.2361
87.1000	-0.9948
87.2000	-0.7495
87.3000	-0.5013
87.4000	-0.2512
87.5000	-0.0000
87.6000	0.2512
87.7000	0.5013
87.8000	0.7495
87.9000	0.9948
88.0000	1.2361
88.1000	1.4725
88.2000	1.7031
88.3000	1.9270
88.4000	2.1433
88.5000	2.3511
88.6000	2.5497
88.7000	2.7382
88.8000	2.9159
88.9000	3.0821
89.0000	3.2361
89.1000	3.3773
89.2000	3.5052
89.3000	3.6193
89.4000	3.7191
89.5000	3.8042
89.6000	3.8743
89.7000	3.9291
89.8000	3.9685
89.9000	3.9921
90.0000	4.0000
90.1000	3.9921
90.2000	3.9685
90.3000	3.9291
90.4000	3.8743
90.5000	3.8042
90.6000	3.7191
90.7000	3.6193
90.8000	3.5052
90.9000	3.3773
91.0000	3.2361
91.1000	3.0821
91.2000	2.9159
91.3000	2.7382
91.4000	2.5497
91.5000	2.3511
91.6000	2.1433
91.7000	1.9270
91.8000	1.7031
91.9000	1.4725
92.0000	1.2361
92.1000	0.9948
92.2000	0.7495
92.3000	0.5013
92.4000	0.2512
92.5000	0.0000
92.6000	-0.2512
92.7000	-0.5013
92.8000	-0.7495
92.9000	-0.9948
93.0000	-1.2361
93.1000	-1.4725
93.2000	-1.7031
93.3000	-1.9270
93.4000	-2.1433
93.5000	-2.3511
93.6000	-2.5497
93.7000	-2.7382
93.8000	-2.9159
93.9000	-3.0821
94.0000	-3.2361
94.1000	-3.3773
94.2000	-3.5052
94.3000	-3.6193
94.4000	-3.7191
94.5000	-3.8042
94.6000	-3.8743
94.7000	-3.9291
94.8000	-3.9685
94.9000	-3.9921
95.0000	-4.0000
95.1000	-3.9921
95.2000	-3.9685
95.3000	-3.9291
95.4000	-3.8743
95.5000	-3.8042
95.6000	-3.7191
95.7000	-3.6193
95.8000	-3.5052
95.9000	-3.3773
96.0000	-3.2361
96.1000	-3.0821
96.2000	-2.9159
96.3000	-2.7382
96.4000	-2.5497
96.5000	-2.3511
96.6000	-2.1433
96.7000	-1.9270
96.8000	-1.7031
96.9000	-1.4725
97.0000	-1.2361
97.1000	-0.9948
97.2000	-0.7495
97.3000	-0.5013
97.4000	-0.2512
97.5000	-0.0000
97.6000	0.2512
97.7000	0.5013
97.8000	0.7495
97.9000	0.9948
98.0000	1.2361
98.1000	1.4725
98.2000	1.7031
98.3000	1.9270
98.4000	2.1433
98.5000	2.3511
98.6000	2.5497
98.7000	2.7382
98.8000	2.9159
98.9000	3.0821
99.0000	3.2361
99.1000	3.3773
99.2000	3.5052
99.3000	3.6193
99.4000	3.7191
99.5000	3.8042
99.6000	3.8743
99.7000	3.9291
99.8000	3.9685
99.9000	3.9921
100.0000	4.0000
100.1000	3.9921
100.2000	3.9685
100.3000	3.9291
100.4000	3.8743
100.5000	3.8042
100.6000	3.7191
100.7000	3.6193
100.8000	3.5052
100.9000	3.3773
101.0000	3.2361
101.1000	3.0821
101.2000	2.9159
101.3000	2.7382
101.4000	2.5497
101.5000	2.3511
101.6000	2.1433
101.7000	1.9270
101.8000	1.7031
101.9000	1.4725
102.0000	1.2361
102.1000	0.9948
102.2000	0.7495
102.3000	0.5013
102.4000	0.2512
102.5000	0.0000
102.6000	-0.2512
102.7000	-0.5013
102.8000	-0.7495
102.9000	-0.9948
103.0000	-1.2361
103.1000	-1.4725
103.2000	-1.7031
103.3000	-1.9270
103.4000	-2.1433
103.5000	-2.3511
103.6000	-2.5497
103.7000	-2.7382
103.8000	-2.9159
103.9000	-3.0821
104.0000	-3.2361
104.1000	-3.3773
104.2000	-3.5052
104.3000	-3.6193
104.4000	-3.7191
104.5000	-3.8042
104.6000	-3.8743
104.7000	-3.9291
104.8000	-3.9685
104.9000	-3.9921
105.0000	-4.0000
105.1000	-3.9921
105.2000	-3.9685
105.3000	-3.9291
105.4000	-3.8743
105.5000	-3.8042
105.6000	-3.7191
105.7000	-3.6193
105.8000	-3.5052
105.9000	-3.3773
106.0000	-3.2361
106.1000	-3.0821
106.2000	-2.9159
106.3000	-2.7382
106.4000	-2.5497
106.5000	-2.3511
106.6000	-2.1433
106.7000	-1.9270
106.8000	-1.7031
106.9000	-1.4725
107.0000	-1.2361
107.1000	-0.9948
107.2000	-0.7495
107.3000	-0.5013
107.4000	-0.2512
107.5000	-0.0000
107.6000	0.2512
107.7000	0.5013
107.8000	0.7495
107.9000	0.9948
108.0000	1.2361
108.1000	1.4725
108.2000	1.7031
108.3000	1.9270
108.4000	2.1433
108.5000	2.3511
108.6000	2.5497
108.7000	2.7382
108.8000	2.9159
108.9000	3.0821
109.0000	3.2361
109.1000	3.3773
109.2000	3.5052
109.3000	3.6193
109.4000	3.7191
109.5000	3.8042
109.6000	3.8743
109.7000	3.9291
109.8000	3.9685
109.9000	3.9921
110.0000	4.0000
110.1000	3.9921
110.2000	3.9685
110.3000	3.9291
110.4000	3.8743
110.5000	3.8042
110.6000	3.7191
110.7000	3.6193
110.8000	3.5052
110.9000	3.3773
111.0000	3.2361
111.1000	3.0821
111.2000	2.9159
111.3000	2.7382
111.4000	2.5497
111.5000	2.3511
111.6000	2.1433
111.7000	1.9270
111.8000	1.7031
111.9000	1.4725
112.0000	1.2361
112.1000	0.9948
112.2000	0.7495
112.3000	0.5013
112.4000	0.2512
112.5000	0.0000
112.6000	-0.2512
112.7000	-0.5013
112.8000	-0.7495
112.9000	-0.9948
113.0000	-1.2361
113.1000	-1.4725
113.2000	-1.7031
113.3000	-1.9270
113.4000	-2.1433
113.5000	-2.3511
113.6000	-2.5497
113.7000	-2.7382
113.8000	-2.9159
113.9000	-3.0821
114.0000	-3.2361
114.1000	-3.3773
114.2000	-3.5052
114.3000	-3.6193
114.4000	-3.7191
114.5000	-3.8042
114.6000	-3.8743
114.7000	-3.9291
114.8000	-3.9685
114.9000	-3.9921
115.0000	-4.0000
115.1000	-3.9921
115.2000	-3.9685
115.3000	-3.9291
115.4000	-3.8743
115.5000	-3.8042
115.6000	-3.7191
115.7000	-3.6193
115.8000	-3.5052
115.9000	-3.3773
116.0000	-3.2361
116.1000	-3.0821
116.2000	-2.9159
116.3000	-2.7382
116.4000	-2.5497
116.5000	-2.3511
116.6000	-2.1433
116.7000	-1.9270
116.8000	-1.7031
116.9000	-1.4725
117.0000	-1.2361
117.1000	-0.9948
117.2000	-0.7495
117.3000	-0.5013
117.4000	-0.2512
117.5000	0.0000
117.6000	0.2512
117.7000	0.5013
117.8000	0.7495
117.9000	0.9948
118.0000	1.2361
118.1000	1.4725
118.2000	1.7031
118.3000	1.9270
118.4000	2.1433
118.5000	2.3511
118.6000	2.5497
118.7000	2.7382
118.8000	2.9159
118.9000	3.0821
119.0000	3.2361
119.1000	3.3773
119.2000	3.5052
119.3000	3.6193
119.4000	3.7191
119.5000	3.8042
119.6000	3.8743
119.7000	3.9291
119.8000	3.9685
119.9000	3.9921
120.0000	4.0000
120.1000	3.9921
120.2000	3.9685
120.3000	3.9291
120.4000	3.8743
120.5000	3.8042
120.6000	3.7191
120.7000	3.6193
120.8000	3.5052
120.9000	3.3773
121.0000	3.2361
121.1000	3.0821
121.2000	2.9159
121.3000	2.7382
121.4000	2.5497
121.5000	2.3511
121.6000	2.1433
121.7000	1.9270
121.8000	1.7031
121.9000	1.4725
122.0000	1.2361
122.1000	0.9948
122.2000	0.7495
122.3000	0.5013
122.4000	0.2512
122.5000	0.0000
122.6000	-0.2512
122.7000	-0.5013
122.8000	-0.7495
122.9000	-0.9948
123.0000	-1.2361
123.1000	-1.4725
123.2000	-1.7031
123.3000	-1.9270
123.4000	-2.1433
123.5000	-2.3511
123.6000	-2.5497
123.7000	-2.7382
123.8000	-2.9159
123.9000	-3.0821
124.0000	-3.2361
124.1000	-3.3773
124.2000	-3.5052
124.3000	-3.6193
124.4000	-3.7191
124.5000	-3.8042
124.6000	-3.8743
124.7000	-3.9291
124.8000	-3.9685
124.9000	-3.9921
125.0000	-4.0000
125.1000	-3.9921
125.2000	-3.9685
125.3000	-3.9291
125.4000	-3.8743
125.5000	-3.8042
125.6000	-3.7191
125.7000	-3.6193
125.8000	-3.5052
125.9000	-3.3773
126.0000	-3.2361
126.1000	-3.0821
126.2000	-2.9159
126.3000	-2.7382
126.4000	-2.5497
126.5000	-2.3511
126.6000	-2.1433
126.7000	-1.9270
126.8000	-1.7031
126.9000	-1.4725
127.0000	-1.2361
127.1000	-0.9948
127.2000	-0.7495
127.3000	-0.5013
127.4000	-0.2512
127.5000	-0.0000
127.6000	0.2512
127.7000	0.5013
127.8000	0.7495
127.9000	0.9948
128.0000	1.2361
128.1000	1.4725
128.2000	1.7031
128.3000	1.9270
128.4000	2.1433
128.5000	2.3511
128.6000	2.5497
128.7000	2.7382
128.8000	2.9159
128.9000	3.0821
129.0000	3.2361
129.1000	3.3773
129.2000	3.5052
129.3000	3.6193
129.4000	3.7191
129.5000	3.8042
129.6000	3.8743
129.7000	3.9291
129.8000	3.9685
129.9000	3.9921
130.0000	4.0000
130.1000	3.9921
130.2000	3.9685
130.3000	3.9291
130.4000	3.8743
130.5000	3.8042
130.6000	3.7191
130.7000	3.6193
130.8000	3.5052
130.9000	3.3773
131.0000	3.2361
131.1000	3.0821
131.2000	2.9159
131.3000	2.7382
131.4000	2.5497
131.5000	2.3511
131.6000	2.1433
131.7000	1.9270
131.8000	1.7031
131.9000	1.4725
132.0000	1.2361
132.1000	0.9948
132.2000	0.7495
132.3000	0.5013
132.4000	0.2512
132.5000	0.0000
132.6000	-0.2512
132.7000	-0.5013
132.8000	-0.7495
132.9000	-0.9948
133.0000	-1.2361
133.1000	-1.4725
133.2000	-1.7031
133.3000	-1.9270
133.4000	-2.1433
133.5000	-2.3511
133.6000	-2.5497
133.7000	-2.7382
133.8000	-2.9159
133.9000	-3.0821
134.0000	-3.2361
134.1000	-3.3773
134.2000	-3.5052
134.3000	-3.6193
134.4000	-3.7191
134.5000	-3.8042
134.6000	-3.8743
134.7000	-3.9291
134.8000	-3.9685
134.9000	-3.9921
135.0000	-4.0000
135.1000	-3.9921
135.2000	-3.9685
135.3000	-3.9291
135.4000	-3.8743
135.5000	-3.8042
135.6000	-3.7191
135.7000	-3.6193
135.8000	-3.5052
135.9000	-3.3773
136.0000	-3.2361
136.1000	-3.0821
136.2000	-2.9159
136.3000	-2.7382
136.4000	-2.5497
136.5000	-2.3511
136.6000	-2.1433
136.7000	-1.9270
136.8000	-1.7031
136.9000	-1.4725
137.0000	-1.2361
137.1000	-0.9948
137.2000	-0.7495
137.3000	-0.5013
137.4000	-0.2512
137.5000	0.0000
137.6000	0.2512
137.7000	0.5013
137.8000	0.7495
137.9000	0.9948
138.0000	1.2361
138.1000	1.4725
138.2000	1.7031
138.3000	1.9270
138.4000	2.1433
138.5000	2.3511
138.6000	2.5497
138.7000	2.7382
138.8000	2.9159
138.9000	3.0821
139.0000	3.2361
139.1000	3.3773
139.2000	3.5052
139.3000	3.6193
139.4000	3.7191
139.5000	3.8042
139.6000	3.8743
139.7000	3.9291
139.8000	3.9685
139.9000	3.9921
140.0000	4.0000
140.1000	3.9921
140.2000	3.9685
140.3000	3.9291
140.4000	3.8743
140.5000	3.8042
140.6000	3.7191
140.7000	3.6193
140.8000	3.5052
140.9000	3.3773
141.0000	3.2361
141.1000	3.0821
141.2000	2.9159
141.3000	2.7382
141.4000	2.5497
141.5000	2.3511
141.6000	2.1433
141.7000	1.9270
141.8000	1.7031
141.9000	1.4725
142.0000	1.2361
142.1000	0.9948
142.2000	0.7495
142.3000	0.5013
142.4000	0.2512
142.5000	0.0000
142.6000	-0.2512
142.7000	-0.5013
142.8000	-0.7495
142.9000	-0.9948
143.0000	-1.2361
143.1000	-1.4725
143.2000	-1.7031
143.3000	-1.9270
143.4000	-2.1433
143.5000	-2.3511
143.6000	-2.5497
143.7000	-2.7382
143.8000	-2.9159
143.9000	-3.0821
144.0000	-3.2361
144.1000	-3.3773
144.2000	-3.5052
144.3000	-3.6193
144.4000	-3.7191
144.5000	-3.8042
144.6000	-3.8743
144.7000	-3.9291
144.8000	-3.9685
144.9000	-3.9921
145.0000	-4.0000
145.1000	-3.9921
145.2000	-3.9685
145.3000	-3.9291
145.4000	-3.8743
145.5000	-3.8042
145.6000	-3.7191
145.7000	-3.6193
145.8000	-3.5052
145.9000	-3.3773
146.0000	-3.2361
146.1000	-3.0821
146.2000	-2.9159
146.3000	-2.7382
146.4000	-2.5497
146.5000	-2.3511
146.6000	-2.1433
146.7000	-1.9270
146.8000	-1.7031
146.9000	-1.4725
147.0000	-1.2361
147.1000	-0.9948
147.2000	-0.7495
147.3000	-0.5013
147.4000	-0.2512
147.5000	-0.0000
147.6000	0.2512
147.7000	0.5013
147.8000	0.7495
147.9000	0.9948
148.0000	1.2361
148.1000	1.4725
148.2000	1.7031
148.3000	1.9270
148.4000	2.1433
148.5000	2.3511
148.6000	2.5497
148.7000	2.7382
148.8000	2.9159
148.9000	3.0821
149.0000	3.2361
149.1000	3.3773
149.2000	3.5052
149.3000	3.6193
149.4000	3.7191
149.5000	3.8042
149.6000	3.8743
149.7000	3.9291
149.8000	3.9685
149.9000	3.9921
150.0000	4.0000
150.1000	3.9921
150.2000	3.9685
150.3000	3.9291
150.4000	3.8743
150.5000	3.8042
150.6000	3.7191
150.7000	3.6193
150.8000	3.5052
150.9000	3.3773
151.0000	3.2361
151.1000	3.0821
151.2000	2.9159
151.3000	2.7382
151.4000	2.5497
151.5000	2.3511
151.6000	2.1433
151.7000	1.9270
151.8000	1.7031
151.9000	1.4725
152.0000	1.2361
152.1000	0.9948
152.2000	0.7495
152.3000	0.5013
152.4000	0.2512
152.5000	0.0000
152.6000	-0.2512
152.7000	-0.5013
152.8000	-0.7495
152.9000	-0.9948
153.0000	-1.2361
153.1000	-1.4725
153.2000	-1.7031
153.3000	-1.9270
153.4000	-2.1433
153.5000	-2.3511
153.6000	-2.5497
153.7000	-2.7382
153.8000	-2.9159
153.9000	-3.0821
154.0000	-3.2361
154.1000	-3.3773
154.2000	-3.5052
154.3000	-3.6193
154.4000	-3.7191
154.5000	-3.8042
154.6000	-3.8743
154.7000	-3.9291
154.8000	-3.9685
154.9000	-3.9921
155.0000	-4.0000
155.1000	-3.9921
155.2000	-3.9685
155.3000	-3.9291
155.4000	-3.8743
155.5000	-3.8042
155.6000	-3.7191
155.7000	-3.6193
155.8000	-3.5052
155.9000	-3.3773
156.0000	-3.2361
156.1000	-3.0821
156.2000	-2.9159
156.3000	-2.7382
156.4000	-2.5497
156.5000	-2.3511
156.6000	-2.1433
156.7000	-1.9270
156.8000	-1.7031
156.9000	-1.4725
157.0000	-1.2361
157.1000	-0.9948
157.2000	-0.7495
157.3000	-0.5013
157.4000	-0.2512
157.5000	0.0000
157.6000	0.2512
157.7000	0.5013
157.8000	0.7495
157.9000	0.9948
158.0000	1.2361
158.1000	1.4725
158.2000	1.7031
158.3000	1.9270
158.4000	2.1433
158.5000	2.3511
158.6000	2.5497
158.7000	2.7382
158.8000	2.9159
158.9000	3.0821
159.0000	3.2361
159.1000	3.3773
159.2000	3.5052
159.3000	3.6193
159.4000	3.7191
159.5000	3.8042
159.6000	3.8743
159.7000	3.9291
159.8000	3.9685
159.9000	3.9921
160.0000	4.0000
160.1000	3.9921
160.2000	3.9685
160.3000	3.9291
160.4000	3.8743
160.5000	3.8042
160.6000	3.7191
160.7000	3.6193
160.8000	3.5052
160.9000	3.3773
161.0000	3.2361
161.1000	3.0821
161.2000	2.9159
161.3000	2.7382
161.4000	2.5497
161.5000	2.3511
161.6000	2.1433
161.7000	1.9270
161.8000	1.7031
161.9000	1.4725
162.0000	1.2361
162.1000	0.9948
162.2000	0.7495
162.3000	0.5013
162.4000	0.2512
162.5000	0.0000
162.6000	-0.2512
162.7000	-0.5013
162.8000	-0.7495
162.9000	-0.9948
163.0000	-1.2361
163.1000	-1.4725
163.2000	-1.7031
163.3000	-1.9270
163.4000	-2.1433
163.5000	-2.3511
163.6000	-2.5497
163.7000	-2.7382
163.8000	-2.9159
163.9000	-3.0821
164.0000	-3.2361
164.1000	-3.3773
164.2000	-3.5052
164.3000	-3.6193
164.4000	-3.7191
164.5000	-3.8042
164.6000	-3.8743
164.7000	-3.9291
164.8000	-3.9685
164.9000	-3.9921
165.0000	-4.0000
165.1000	-3.9921
165.2000	-3.9685
165.3000	-3.9291
165.4000	-3.8743
165.5000	-3.8042
165.6000	-3.7191
165.7000	-3.6193
165.8000	-3.5052
165.9000	-3.3773
166.0000	-3.2361
166.1000	-3.0821
166.2000	-2.9159
166.3000	-2.7382
166.4000	-2.5497
166.5000	-2.3511
166.6000	-2.1433
166.7000	-1.9270
166.8000	-1.7031
166.9000	-1.4725
167.0000	-1.2361
167.1000	-0.9948
167.2000	-0.7495
167.3000	-0.5013
167.4000	-0.2512
167.5000	-0.0000
167.6000	0.2512
167.7000	0.5013
167.8000	0.7495
167.9000	0.9948
168.0000	1.2361
168.1000	1.4725
168.2000	1.7031
168.3000	1.9270
168.4000	2.1433
168.5000	2.3511
168.6000	2.5497
168.7000	2.7382
168.8000	2.9159
168.9000	3.0821
169.0000	3.2361
169.1000	3.3773
169.2000	3.5052
169.3000	3.6193
169.4000	3.7191
169.5000	3.8042
169.6000	3.8743
169.7000	3.9291
169.8000	3.9685
169.9000	3.9921
170.0000	4.0000
170.1000	3.9921
170.2000	3.9685
170.3000	3.9291
170.4000	3.8743
170.5000	3.8042
170.6000	3.7191
170.7000	3.6193
170.8000	3.5052
170.9000	3.3773
171.0000	3.2361
171.1000	3.0821
171.2000	2.9159
171.3000	2.7382
171.4000	2.5497
171.5000	2.3511
171.6000	2.1433
171.7000	1.9270
171.8000	1.7031
171.9000	1.4725
172.0000	1.2361
172.1000	0.9948
172.2000	0.7495
172.3000	0.5013
172.4000	0.2512
172.5000	0.0000
172.6000	-0.2512
172.7000	-0.5013
172.8000	-0.7495
172.9000	-0.9948
173.0000	-1.2361
173.1000	-1.4725
173.2000	-1.7031
173.3000	-1.9270
173.4000	-2.1433
173.5000	-2.3511
173.6000	-2.5497
173.7000	-2.7382
173.8000	-2.9159
173.9000	-3.0821
174.0000	-3.2361
174.1000	-3.3773
174.2000	-3.5052
174.3000	-3.6193
174.4000	-3.7191
174.5000	-3.8042
174.6000	-3.8743
174.7000	-3.9291
174.8000	-3.9685
174.9000	-3.9921
175.0000	-4.0000
175.1000	-3.9921
175.2000	-3.9685
175.3000	-3.9291
175.4000	-3.8743
175.5000	-3.8042
175.6000	-3.7191
175.7000	-3.6193
175.8000	-3.5052
175.9000	-3.3773
176.0000	-3.2361
176.1000	-3.0821
176.2000	-2.9159
176.3000	-2.7382
176.4000	-2.5497
176.5000	-2.3511
176.6000	-2.1433
176.7000	-1.9270
176.8000	-1.7031
176.9000	-1.4725
177.0000	-1.2361
177.1000	-0.9948
177.2000	-0.7495
177.3000	-0.5013
177.4000	-0.2512
177.5000	0.0000
177.6000	0.2512
177.7000	0.5013
177.8000	0.7495
177.9000	0.9948
178.0000	1.2361
178.1000	1.4725
178.2000	1.7031
178.3000	1.9270
178.4000	2.1433
178.5000	2.3511
178.6000	2.5497
178.7000	2.7382
178.8000	2.9159
178.9000	3.0821
179.0000	3.2361
179.1000	3.3773
179.2000	3.5052
179.3000	3.6193
179.4000	3.7191
179.5000	3.8042
179.6000	3.8743
179.7000	3.9291
179.8000	3.9685
179.9000	3.9921
180.0000	4.0000
180.1000	3.9921
180.2000	3.9685
180.3000	3.9291
180.4000	3.8743
180.5000	3.8042
180.6000	3.7191
180.7000	3.6193
180.8000	3.5052
180.9000	3.3773
181.0000	3.2361
181.1000	3.0821
181.2000	2.9159
181.3000	2.7382
181.4000	2.5497
181.5000	2.3511
181.6000	2.1433
181.7000	1.9270
181.8000	1.7031
181.9000	1.4725
182.0000	1.2361
182.1000	0.9948
182.2000	0.7495
182.3000	0.5013
182.4000	0.2512
182.5000	0.0000
182.6000	-0.2512
182.7000	-0.5013
182.8000	-0.7495
182.9000	-0.9948
183.0000	-1.2361
183.1000	-1.4725
183.2000	-1.7031
183.3000	-1.9270
183.4000	-2.1433
183.5000	-2.3511
183.6000	-2.5497
183.7000	-2.7382
183.8000	-2.9159
183.9000	-3.0821
184.0000	-3.2361
184.1000	-3.3773
184.2000	-3.5052
184.3000	-3.6193
184.4000	-3.7191
184.5000	-3.8042
184.6000	-3.8743
184.7000	-3.9291
184.8000	-3.9685
184.9000	-3.9921
185.0000	-4.0000
185.1000	-3.9921
185.2000	-3.9685
185.3000	-3.9291
185.4000	-3.8743
185.5000	-3.8042
185.6000	-3.7191
185.7000	-3.6193
185.8000	-3.5052
185.9000	-3.3773
186.0000	-3.2361
186.1000	-3.0821
186.2000	-2.9159
186.3000	-2.7382
186.4000	-2.5497
186.5000	-2.3511
186.6000	-2.1433
186.7000	-1.9270
186.8000	-1.7031
186.9000	-1.4725
187.0000	-1.2361
187.1000	-0.9948
187.2000	-0.7495
187.3000	-0.5013
187.4000	-0.2512
187.5000	-0.0000
187.6000	0.2512
187.7000	0.5013
187.8000	0.7495
187.9000	0.9948
188.0000	1.2361
188.1000	1.4725
188.2000	1.7031
188.3000	1.9270
188.4000	2.1433
188.5000	2.3511
188.6000	2.5497
188.7000	2.7382
188.8000	2.9159
188.9000	3.0821
189.0000	3.2361
189.1000	3.3773
189.2000	3.5052
189.3000	3.6193
189.4000	3.7191
189.5000	3.8042
189.6000	3.8743
189.7000	3.9291
189.8000	3.9685
189.9000	3.9921
190.0000	4.0000
190.1000	3.9921
190.2000	3.9685
190.3000	3.9291
190.4000	3.8743
190.5000	3.8042
190.6000	3.7191
190.7000	3.6193
190.8000	3.5052
190.9000	3.3773
191.0000	3.2361
191.1000	3.0821
191.2000	2.9159
191.3000	2.7382
191.4000	2.5497
191.5000	2.3511
191.6000	2.1433
191.7000	1.9270
191.8000	1.7031
191.9000	1.4725
192.0000	1.2361
192.1000	0.9948
192.2000	0.7495
192.3000	0.5013
192.4000	0.2512
192.5000	0.0000
192.6000	-0.2512
192.7000	-0.5013
192.8000	-0.7495
192.9000	-0.9948
193.0000	-1.2361
193.1000	-1.4725
193.2000	-1.7031
193.3000	-1.9270
193.4000	-2.1433
193.5000	-2.3511
193.6000	-2.5497
193.7000	-2.7382
193.8000	-2.9159
193.9000	-3.0821
194.0000	-3.2361
194.1000	-3.3773
194.2000	-3.5052
194.3000	-3.6193
194.4000	-3.7191
194.5000	-3.8042
194.6000	-3.8743
194.7000	-3.9291
194.8000	-3.9685
194.9000	-3.9921
195.0000	-4.0000
195.1000	-3.9921
195.2000	-3.9685
195.3000	-3.9291
195.4000	-3.8743
195.5000	-3.8042
195.6000	-3.7191
195.7000	-3.6193
195.8000	-3.5052
195.9000	-3.3773
196.0000	-3.2361
196.1000	-3.0821
196.2000	-2.9159
196.3000	-2.7382
196.4000	-2.5497
196.5000	-2.3511
196.6000	-2.1433
196.7000	-1.9270
196.8000	-1.7031
196.9000	-1.4725
197.0000	-1.2361
197.1000	-0.9948
197.2000	-0.7495
197.3000	-0.5013
197.4000	-0.2512
197.5000	0.0000
197.6000	0.2512
197.7000	0.5013
197.8000	0.7495
197.9000	0.9948
198.0000	1.2361
198.1000	1.4725
198.2000	1.7031
198.3000	1.9270
198.4000	2.1433
198.5000	2.3511
198.6000	2.5497
198.7000	2.7382
198.8000	2.9159
198.9000	3.0821
199.0000	3.2361
199.1000	3.3773
199.2000	3.5052
199.3000	3.6193
199.4000	3.7191
199.5000	3.8042
199.6000	3.8743
199.7000	3.9291
199.8000	3.9685
199.9000	3.9921
200.0000	4.0000
200.1000	3.9921
200.2000	3.9685
200.3000	3.9291
200.4000	3.8743
200.5000	3.8042
200.6000	3.7191
200.7000	3.6193
200.8000	3.5052
200.9000	3.3773
201.0000	3.2361
201.1000	3.0821
201.2000	2.9159
201.3000	2.7382
201.4000	2.5497
201.5000	2.3511
201.6000	2.1433
201.7000	1.9270
201.8000	1.7031
201.9000	1.4725
202.0000	1.2361
202.1000	0.9948
202.2000	0.7495
202.3000	0.5013
202.4000	0.2512
202.5000	0.0000
202.6000	-0.2512
202.7000	-0.5013
202.8000	-0.7495
202.9000	-0.9948
203.0000	-1.2361
203.1000	-1.4725
203.2000	-1.7031
203.3000	-1.9270
203.4000	-2.1433
203.5000	-2.3511
203.6000	-2.5497
203.7000	-2.7382
203.8000	-2.9159
203.9000	-3.0821
204.0000	-3.2361
204.1000	-3.3773
204.2000	-3.5052
204.3000	-3.6193
204.4000	-3.7191
204.5000	-3.8042
204.6000	-3.8743
204.7000	-3.9291
204.8000	-3.9685
204.9000	-3.9921
205.0000	-4.0000
205.1000	-3.9921
205.2000	-3.9685
205.3000	-3.9291
205.4000	-3.8743
205.5000	-3.8042
205.6000	-3.7191
205.7000	-3.6193
205.8000	-3.5052
205.9000	-3.3773
206.0000	-3.2361
206.1000	-3.0821
206.2000	-2.9159
206.3000	-2.7382
206.4000	-2.5497
206.5000	-2.3511
206.6000	-2.1433
206.7000	-1.9270
206.8000	-1.7031
206.9000	-1.4725
207.0000	-1.2361
207.1000	-0.9948
207.2000	-0.7495
207.3000	-0.5013
207.4000	-0.2512
207.5000	0.0000
207.6000	0.2512
207.7000	0.5013
207.8000	0.7495
207.9000	0.9948
208.0000	1.2361
208.1000	1.4725
208.2000	1.7031
208.3000	1.9270
208.4000	2.1433
208.5000	2.3511
208.6000	2.5497
208.7000	2.7382
208.8000	2.9159
208.9000	3.0821
209.0000	3.2361
209.1000	3.3773
209.2000	3.5052
209.3000	3.6193
209.4000	3.7191
209.5000	3.8042
209.6000	3.8743
209.7000	3.9291
209.8000	3.9685
209.9000	3.9921
210.0000	4.0000
210.1000	3.9921
210.2000	3.9685
210.3000	3.9291
210.4000	3.8743
210.5000	3.8042
210.6000	3.7191
210.7000	3.6193
210.8000	3.5052
210.9000	3.3773
211.0000	3.2361
211.1000	3.0821
211.2000	2.9159
211.3000	2.7382
211.4000	2.5497
211.5000	2.3511
211.6000	2.1433
211.7000	1.9270
211.8000	1.7031
211.9000	1.4725
212.0000	1.2361
212.1000	0.9948
212.2000	0.7495
212.3000	0.5013
212.4000	0.2512
212.5000	0.0000
212.6000	-0.2512
212.7000	-0.5013
212.8000	-0.7495
212.9000	-0.9948
213.0000	-1.2361
213.1000	-1.4725
213.2000	-1.7031
213.3000	-1.9270
213.4000	-2.1433
213.5000	-2.3511
213.6000	-2.5497
213.7000	-2.7382
213.8000	-2.9159
213.9000	-3.0821
214.0000	-3.2361
214.1000	-3.3773
214.2000	-3.5052
214.3000	-3.6193
214.4000	-3.7191
214.5000	-3.8042
214.6000	-3.8743
214.7000	-3.9291
214.8000	-3.9685
214.9000	-3.9921
215.0000	-4.0000
215.1000	-3.9921
215.2000	-3.9685
215.3000	-3.9291
215.4000	-3.8743
215.5000	-3.8042
215.6000	-3.7191
215.7000	-3.6193
215.8000	-3.5052
215.9000	-3.3773
216.0000	-3.2361
216.1000	-3.0821
216.2000	-2.9159
216.3000	-2.7382
216.4000	-2.5497
216.5000	-2.3511
216.6000	-2.1433
216.7000	-1.9270
216.8000	-1.7031
216.9000	-1.4725
217.0000	-1.2361
217.1000	-0.9948
217.2000	-0.7495
217.3000	-0.5013
217.4000	-0.2512
217.5000	-0.0000
217.6000	0.2512
217.7000	0.5013
217.8000	0.7495
217.9000	0.9948
218.0000	1.2361
218.1000	1.4725
218.2000	1.7031
218.3000	1.9270
218.4000	2.1433
218.5000	2.3511
218.6000	2.5497
218.7000	2.7382
218.8000	2.9159
218.9000	3.0821
219.0000	3.2361
219.1000	3.3773
219.2000	3.5052
219.3000	3.6193
219.4000	3.7191
219.5000	3.8042
219.6000	3.8743
219.7000	3.9291
219.8000	3.9685
219.9000	3.9921
220.0000	4.0000
220.1000	3.9921
220.2000	3.9685
220.3000	3.9291
220.4000	3.8743
220.5000	3.8042
220.6000	3.7191
220.7000	3.6193
220.8000	3.5052
220.9000	3.3773
221.0000	3.2361
221.1000	3.0821
221.2000	2.9159
221.3000	2.7382
221.4000	2.5497
221.5000	2.3511
221.6000	2.1433
221.7000	1.9270
221.8000	1.7031
221.9000	1.4725
222.0000	1.2361
222.1000	0.9948
222.2000	0.7495
222.3000	0.5013
222.4000	0.2512
222.5000	-0.0000
222.6000	-0.2512
222.7000	-0.5013
222.8000	-0.7495
222.9000	-0.9948
223.0000	-1.2361
223.1000	-1.4725
223.2000	-1.7031
223.3000	-1.9270
223.4000	-2.1433
223.5000	-2.3511
223.6000	-2.5497
223.7000	-2.7382
223.8000	-2.9159
223.9000	-3.0821
224.0000	-3.2361
224.1000	-3.3773
224.2000	-3.5052
224.3000	-3.6193
224.4000	-3.7191
224.5000	-3.8042
224.6000	-3.8743
224.7000	-3.9291
224.8000	-3.9685
224.9000	-3.9921
225.0000	-4.0000
225.1000	-3.9921
225.2000	-3.9685
225.3000	-3.9291
225.4000	-3.8743
225.5000	-3.8042
225.6000	-3.7191
225.7000	-3.6193
225.8000	-3.5052
225.9000	-3.3773
226.0000	-3.2361
226.1000	-3.0821
226.2000	-2.9159
226.3000	-2.7382
226.4000	-2.5497
226.5000	-2.3511
226.6000	-2.1433
226.7000	-1.9270
226.8000	-1.7031
226.9000	-1.4725
227.0000	-1.2361
227.1000	-0.9948
227.2000	-0.7495
227.3000	-0.5013
227.4000	-0.2512
227.5000	-0.0000
227.6000	0.2512
227.7000	0.5013
227.8000	0.7495
227.9000	0.9948
228.0000	1.2361
228.1000	1.4725
228.2000	1.7031
228.3000	1.9270
228.4000	2.1433
228.5000	2.3511
228.6000	2.5497
228.7000	2.7382
228.8000	2.9159
228.9000	3.0821
229.0000	3.2361
229.1000	3.3773
229.2000	3.5052
229.3000	3.6193
229.4000	3.7191
229.5000	3.8042
229.6000	3.8743
229.7000	3.9291
229.8000	3.9685
229.9000	3.9921
230.0000	4.0000
230.1000	3.9921
230.2000	3.9685
230.3000	3.9291
230.4000	3.8743
230.5000	3.8042
230.6000	3.7191
230.7000	3.6193
230.8000	3.5052
230.9000	3.3773
231.0000	3.2361
231.1000	3.0821
231.2000	2.9159
231.3000	2.7382
231.4000	2.5497
231.5000	2.3511
231.6000	2.1433
231.7000	1.9270
231.8000	1.7031
231.9000	1.4725
232.0000	1.2361
232.1000	0.9948
232.2000	0.7495
232.3000	0.5013
232.4000	0.2512
232.5000	0.0000
232.6000	-0.2512
232.7000	-0.5013
232.8000	-0.7495
232.9000	-0.9948
233.0000	-1.2361
233.1000	-1.4725
233.2000	-1.7031
233.3000	-1.9270
233.4000	-2.1433
233.5000	-2.3511
233.6000	-2.5497
233.7000	-2.7382
233.8000	-2.9159
233.9000	-3.0821
234.0000	-3.2361
234.1000	-3.3773
234.2000	-3.5052
234.3000	-3.6193
234.4000	-3.7191
234.5000	-3.8042
234.6000	-3.8743
234.7000	-3.9291
234.8000	-3.9685
234.9000	-3.9921
235.0000	-4.0000
235.1000	-3.9921
235.2000	-3.9685
235.3000	-3.9291
235.4000	-3.8743
235.5000	-3.8042
235.6000	-3.7191
235.7000	-3.6193
235.8000	-3.5052
235.9000	-3.3773
236.0000	-3.2361
236.1000	-3.0821
236.2000	-2.9159
236.3000	-2.7382
236.4000	-2.5497
236.5000	-2.3511
236.6000	-2.1433
236.7000	-1.9270
236.8000	-1.7031
236.9000	-1.4725
237.0000	-1.2361
237.1000	-0.9948
237.2000	-0.7495
237.3000	-0.5013
237.4000	-0.2512
237.5000	-0.0000
237.6000	0.2512
237.7000	0.5013
237.8000	0.7495
237.9000	0.9948
238.0000	1.2361
238.1000	1.4725
238.2000	1.7031
238.3000	1.9270
238.4000	2.1433
238.5000	2.3511
238.6000	2.5497
238.7000	2.7382
238.8000	2.9159
238.9000	3.0821
239.0000	3.2361
239.1000	3.3773
239.2000	3.5052
239.3000	3.6193
239.4000	3.7191
239.5000	3.8042
239.6000	3.8743
239.7000	3.9291
239.8000	3.9685
239.9000	3.9921
240.0000	4.0000
240.1000	3.9921
240.2000	3.9685
240.3000	3.9291
240.4000	3.8743
240.5000	3.8042
240.6000	3.7191
240.7000	3.6193
240.8000	3.5052
240.9000	3.3773
241.0000	3.2361
241.1000	3.0821
241.2000	2.9159
241.3000	2.7382
241.4000	2.5497
241.5000	2.3511
241.6000	2.1433
241.7000	1.9270
241.8000	1.7031
241.9000	1.4725
242.0000	1.2361
242.1000	0.9948
242.2000	0.7495
242.3000	0.5013
242.4000	0.2512
242.5000	0.0000
242.6000	-0.2512
242.7000	-0.5013
242.8000	-0.7495
242.9000	-0.9948
243.0000	-1.2361
243.1000	-1.4725
243.2000	-1.7031
243.3000	-1.9270
243.4000	-2.1433
243.5000	-2.3511
243.6000	-2.5497
243.7000	-2.7382
243.8000	-2.9159
243.9000	-3.0821
244.0000	-3.2361
244.1000	-3.3773
244.2000	-3.5052
244.3000	-3.6193
244.4000	-3.7191
244.5000	-3.8042
244.6000	-3.8743
244.7000	-3.9291
244.8000	-3.9685
244.9000	-3.9921
245.0000	-4.0000
245.1000	-3.9921
245.2000	-3.9685
245.3000	-3.9291
245.4000	-3.8743
245.5000	-3.8042
245.6000	-3.7191
245.7000	-3.6193
245.8000	-3.5052
245.9000	-3.3773
246.0000	-3.2361
246.1000	-3.0821
246.2000	-2.9159
246.3000	-2.7382
246.4000	-2.5497
246.5000	-2.3511
246.6000	-2.1433
246.7000	-1.9270
246.8000	-1.7031
246.9000	-1.4725
247.0000	-1.2361
247.1000	-0.9948
247.2000	-0.7495
247.3000	-0.5013
247.4000	-0.2512
247.5000	0.0000
247.6000	0.2512
247.7000	0.5013
247.8000	0.7495
247.9000	0.9948
248.0000	1.2361
248.1000	1.4725
248.2000	1.7031
248.3000	1.9270
248.4000	2.1433
248.5000	2.3511
248.6000	2.5497
248.7000	2.7382
248.8000	2.9159
248.9000	3.0821
249.0000	3.2361
249.1000	3.3773
249.2000	3.5052
249.3000	3.6193
249.4000	3.7191
249.5000	3.8042
249.6000	3.8743
249.7000	3.9291
249.8000	3.9685
249.9000	3.9921
250.0000	4.0000
250.1000	3.9921
250.2000	3.9685
250.3000	3.9291
250.4000	3.8743
250.5000	3.8042
250.6000	3.7191
250.7000	3.6193
250.8000	3.5052
250.9000	3.3773
251.0000	3.2361
251.1000	3.0821
251.2000	2.9159
251.3000	2.7382
251.4000	2.5497
251.5000	2.3511
251.6000	2.1433
251.7000	1.9270
251.8000	1.7031
251.9000	1.4725
252.0000	1.2361
252.1000	0.9948
252.2000	0.7495
252.3000	0.5013
252.4000	0.2512
252.5000	0.0000
252.6000	-0.2512
252.7000	-0.5013
252.8000	-0.7495
252.9000	-0.9948
253.0000	-1.2361
253.1000	-1.4725
253.2000	-1.7031
253.3000	-1.9270
253.4000	-2.1433
253.5000	-2.3511
253.6000	-2.5497
253.7000	-2.7382
253.8000	-2.9159
253.9000	-3.0821
254.0000	-3.2361
254.1000	-3.3773
254.2000	-3.5052
254.3000	-3.6193
254.4000	-3.7191
254.5000	-3.8042
254.6000	-3.8743
254.7000	-3.9291
254.8000	-3.9685
254.9000	-3.9921
255.0000	-4.0000
255.1000	-3.9921
255.2000	-3.9685
255.3000	-3.9291
255.4000	-3.8743
255.5000	-3.8042
255.6000	-3.7191
255.7000	-3.6193
255.8000	-3.5052
255.9000	-3.3773
256.0000	-3.2361
256.1000	-3.0821
256.2000	-2.9159
256.3000	-2.7382
256.4000	-2.5497
256.5000	-2.3511
256.6000	-2.1433
256.7000	-1.9270
256.8000	-1.7031
256.9000	-1.4725
257.0000	-1.2361
257.1000	-0.9948
257.2000	-0.7495
257.3000	-0.5013
257.4000	-0.2512
257.5000	-0.0000
257.6000	0.2512
257.7000	0.5013
257.8000	0.7495
257.9000	0.9948
258.0000	1.2361
258.1000	1.4725
258.2000	1.7031
258.3000	1.9270
258.4000	2.1433
258.5000	2.3511
258.6000	2.5497
258.7000	2.7382
258.8000	2.9159
258.9000	3.0821
259.0000	3.2361
259.1000	3.3773
259.2000	3.5052
259.3000	3.6193
259.4000	3.7191
259.5000	3.8042
259.6000	3.8743
259.7000	3.9291
259.8000	3.9685
259.9000	3.9921
260.0000	4.0000
260.1000	3.9921
260.2000	3.9685
260.3000	3.9291
260.4000	3.8743
260.5000	3.8042
260.6000	3.7191
260.7000	3.6193
260.8000	3.5052
260.9000	3.3773
261.0000	3.2361
261.1000	3.0821
261.2000	2.9159
261.3000	2.7382
261.4000	2.5497
261.5000	2.3511
261.6000	2.1433
261.7000	1.9270
261.8000	1.7031
261.9000	1.4725
262.0000	1.2361
262.1000	0.9948
262.2000	0.7495
262.3000	0.5013
262.4000	0.2512
262.5000	-0.0000
262.6000	-0.2512
262.7000	-0.5013
262.8000	-0.7495
262.9000	-0.9948
263.0000	-1.2361
263.1000	-1.4725
263.2000	-1.7031
263.3000	-1.9270
263.4000	-2.1433
263.5000	-2.3511
263.6000	-2.5497
263.7000	-2.7382
263.8000	-2.9159
263.9000	-3.0821
264.0000	-3.2361
264.1000	-3.3773
264.2000	-3.5052
264.3000	-3.6193
264.4000	-3.7191
264.5000	-3.8042
264.6000	-3.8743
264.7000	-3.9291
264.8000	-3.9685
264.9000	-3.9921
265.0000	-4.0000
265.1000	-3.9921
265.2000	-3.9685
265.3000	-3.9291
265.4000	-3.8743
265.5000	-3.8042
265.6000	-3.7191
265.7000	-3.6193
265.8000	-3.5052
265.9000	-3.3773
266.0000	-3.2361
266.1000	-3.0821
266.2000	-2.9159
266.3000	-2.7382
266.4000	-2.5497
266.5000	-2.3511
266.6000	-2.1433
266.7000	-1.9270
266.8000	-1.7031
266.9000	-1.4725
267.0000	-1.2361
267.1000	-0.9948
267.2000	-0.7495
267.3000	-0.5013
267.4000	-0.2512
267.5000	-0.0000
267.6000	0.2512
267.7000	0.5013
267.8000	0.7495
267.9000	0.9948
268.0000	1.2361
268.1000	1.4725
268.2000	1.7031
268.3000	1.9270
268.4000	2.1433
268.5000	2.3511
268.6000	2.5497
268.7000	2.7382
268.8000	2.9159
268.9000	3.0821
269.0000	3.2361
269.1000	3.3773
269.2000	3.5052
269.3000	3.6193
269.4000	3.7191
269.5000	3.8042
269.6000	3.8743
269.7000	3.9291
269.8000	3.9685
269.9000	3.9921
270.0000	4.0000
270.1000	3.9921
270.2000	3.9685
270.3000	3.9291
270.4000	3.8743
270.5000	3.8042
270.6000	3.7191
270.7000	3.6193
270.8000	3.5052
270.9000	3.3773
271.0000	3.2361
271.1000	3.0821
271.2000	2.9159
271.3000	2.7382
271.4000	2.5497
271.5000	2.3511
271.6000	2.1433
271.7000	1.9270
271.8000	1.7031
271.9000	1.4725
272.0000	1.2361
272.1000	0.9948
272.2000	0.7495
272.3000	0.5013
272.4000	0.2512
272.5000	0.0000
272.6000	-0.2512
272.7000	-0.5013
272.8000	-0.7495
272.9000	-0.9948
273.0000	-1.2361
273.1000	-1.4725
273.2000	-1.7031
273.3000	-1.9270
273.4000	-2.1433
273.5000	-2.3511
273.6000	-2.5497
273.7000	-2.7382
273.8000	-2.9159
273.9000	-3.0821
274.0000	-3.2361
274.1000	-3.3773
274.2000	-3.5052
274.3000	-3.6193
274.4000	-3.7191
274.5000	-3.8042
274.6000	-3.8743
274.7000	-3.9291
274.8000	-3.9685
274.9000	-3.9921
275.0000	-4.0000
275.1000	-3.9921
275.2000	-3.9685
275.3000	-3.9291
275.4000	-3.8743
275.5000	-3.8042
275.6000	-3.7191
275.7000	-3.6193
275.8000	-3.5052
275.9000	-3.3773
276.0000	-3.2361
276.1000	-3.0821
276.2000	-2.9159
276.3000	-2.7382
276.4000	-2.5497
276.5000	-2.3511
276.6000	-2.1433
276.7000	-1.9270
276.8000	-1.7031
276.9000	-1.4725
277.0000	-1.2361
277.1000	-0.9948
277.2000	-0.7495
277.3000	-0.5013
277.4000	-0.2512
277.5000	-0.0000
277.6000	0.2512
277.7000	0.5013
277.8000	0.7495
277.9000	0.9948
278.0000	1.2361
278.1000	1.4725
278.2000	1.7031
278.3000	1.9270
278.4000	2.1433
278.5000	2.3511
278.6000	2.5497
278.7000	2.7382
278.8000	2.9159
278.9000	3.0821
279.0000	3.2361
279.1000	3.3773
279.2000	3.5052
279.3000	3.6193
279.4000	3.7191
279.5000	3.8042
279.6000	3.8743
279.7000	3.9291
279.8000	3.9685
279.9000	3.9921
280.0000	4.0000
280.1000	3.9921
280.2000	3.9685
280.3000	3.9291
280.4000	3.8743
280.5000	3.8042
280.6000	3.7191
280.7000	3.6193
280.8000	3.5052
280.9000	3.3773
281.0000	3.2361
281.1000	3.0821
281.2000	2.9159
281.3000	2.7382
281.4000	2.5497
281.5000	2.3511
281.6000	2.1433
281.7000	1.9270
281.8000	1.7031
281.9000	1.4725
282.0000	1.2361
282.1000	0.9948
282.2000	0.7495
282.3000	0.5013
282.4000	0.2512
282.5000	0.0000
282.6000	-0.2512
282.7000	-0.5013
282.8000	-0.7495
282.9000	-0.9948
283.0000	-1.2361
283.1000	-1.4725
283.2000	-1.7031
283.3000	-1.9270
283.4000	-2.1433
283.5000	-2.3511
283.6000	-2.5497
283.7000	-2.7382
283.8000	-2.9159
283.9000	-3.0821
284.0000	-3.2361
284.1000	-3.3773
284.2000	-3.5052
284.3000	-3.6193
284.4000	-3.7191
284.5000	-3.8042
284.6000	-3.8743
284.7000	-3.9291
284.8000	-3.9685
284.9000	-3.9921
285.0000	-4.0000
285.1000	-3.9921
285.2000	-3.9685
285.3000	-3.9291
285.4000	-3.8743
285.5000	-3.8042
285.6000	-3.7191
285.7000	-3.6193
285.8000	-3.5052
285.9000	-3.3773
286.0000	-3.2361
286.1000	-3.0821
286.2000	-2.9159
286.3000	-2.7382
286.4000	-2.5497
286.5000	-2.3511
286.6000	-2.1433
286.7000	-1.9270
286.8000	-1.7031
286.9000	-1.4725
287.0000	-1.2361
287.1000	-0.9948
287.2000	-0.7495
287.3000	-0.5013
287.4000	-0.2512
287.5000	0.0000
287.6000	0.2512
287.7000	0.5013
287.8000	0.7495
287.9000	0.9948
288.0000	1.2361
288.1000	1.4725
288.2000	1.7031
288.3000	1.9270
288.4000	2.1433
288.5000	2.3511
288.6000	2.5497
288.7000	2.7382
288.8000	2.9159
288.9000	3.0821
289.0000	3.2361
289.1000	3.3773
289.2000	3.5052
289.3000	3.6193
289.4000	3.7191
289.5000	3.8042
289.6000	3.8743
289.7000	3.9291
289.8000	3.9685
289.9000	3.9921
290.0000	4.0000
290.1000	3.9921
290.2000	3.9685
290.3000	3.9291
290.4000	3.8743
290.5000	3.8042
290.6000	3.7191
290.7000	3.6193
290.8000	3.5052
290.9000	3.3773
291.0000	3.2361
291.1000	3.0821
291.2000	2.9159
291.3000	2.7382
291.4000	2.5497
291.5000	2.3511
291.6000	2.1433
291.7000	1.9270
291.8000	1.7031
291.9000	1.4725
292.0000	1.2361
292.1000	0.9948
292.2000	0.7495
292.3000	0.5013
292.4000	0.2512
292.5000	0.0000
292.6000	-0.2512
292.7000	-0.5013
292.8000	-0.7495
292.9000	-0.9948
293.0000	-1.2361
293.1000	-1.4725
293.2000	-1.7031
293.3000	-1.9270
293.4000	-2.1433
293.5000	-2.3511
293.6000	-2.5497
293.7000	-2.7382
293.8000	-2.9159
293.9000	-3.0821
294.0000	-3.2361
294.1000	-3.3773
294.2000	-3.5052
294.3000	-3.6193
294.4000	-3.7191
294.5000	-3.8042
294.6000	-3.8743
294.7000	-3.9291
294.8000	-3.9685
294.9000	-3.9921
295.0000	-4.0000
295.1000	-3.9921
295.2000	-3.9685
295.3000	-3.9291
295.4000	-3.8743
295.5000	-3.8042
295.6000	-3.7191
295.7000	-3.6193
295.8000	-3.5052
295.9000	-3.3773
296.0000	-3.2361
296.1000	-3.0821
296.2000	-2.9159
296.3000	-2.7382
296.4000	-2.5497
296.5000	-2.3511
296.6000	-2.1433
296.7000	-1.9270
296.8000	-1.7031
296.9000	-1.4725
297.0000	-1.2361
297.1000	-0.9948
297.2000	-0.7495
297.3000	-0.5013
297.4000	-0.2512
297.5000	-0.0000
297.6000	0.2512
297.7000	0.5013
297.8000	0.7495
297.9000	0.9948
298.0000	1.2361
298.1000	1.4725
298.2000	1.7031
298.3000	1.9270
298.4000	2.1433
298.5000	2.3511
298.6000	2.5497
298.7000	2.7382
298.8000	2.9159
298.9000	3.0821
299.0000	3.2361
299.1000	3.3773
299.2000	3.5052
299.3000	3.6193
299.4000	3.7191
299.5000	3.8042
299.6000	3.8743
299.7000	3.9291
299.8000	3.9685
299.9000	3.9921
300.0000	4.0000
300.1000	3.9921
300.2000	3.9685
300.3000	3.9291
300.4000	3.8743
300.5000	3.8042
300.6000	3.7191
300.7000	3.6193
300.8000	3.5052
300.9000	3.3773
301.0000	3.2361
301.1000	3.0821
301.2000	2.9159
301.3000	2.7382
301.4000	2.5497
301.5000	2.3511
301.6000	2.1433
301.7000	1.9270
301.8000	1.7031
301.9000	1.4725
302.0000	1.2361
302.1000	0.9948
302.2000	0.7495
302.3000	0.5013
302.4000	0.2512
302.5000	-0.0000
302.6000	-0.2512
302.7000	-0.5013
302.8000	-0.7495
302.9000	-0.9948
303.0000	-1.2361
303.1000	-1.4725
303.2000	-1.7031
303.3000	-1.9270
303.4000	-2.1433
303.5000	-2.3511
303.6000	-2.5497
303.7000	-2.7382
303.8000	-2.9159
303.9000	-3.0821
304.0000	-3.2361
304.1000	-3.3773
304.2000	-3.5052
304.3000	-3.6193
304.4000	-3.7191
304.5000	-3.8042
304.6000	-3.8743
304.7000	-3.9291
304.8000	-3.9685
304.9000	-3.9921
305.0000	-4.0000
305.1000	-3.9921
305.2000	-3.9685
305.3000	-3.9291
305.4000	-3.8743
305.5000	-3.8042
305.6000	-3.7191
305.7000	-3.6193
305.8000	-3.5052
305.9000	-3.3773
306.0000	-3.2361
306.1000	-3.0821
306.2000	-2.9159
306.3000	-2.7382
306.4000	-2.5497
306.5000	-2.3511
306.6000	-2.1433
306.7000	-1.9270
306.8000	-1.7031
306.9000	-1.4725
307.0000	-1.2361
307.1000	-0.9948
307.2000	-0.7495
307.3000	-0.5013
307.4000	-0.2512
307.5000	-0.0000
307.6000	0.2512
307.7000	0.5013
307.8000	0.7495
307.9000	0.9948
308.0000	1.2361
308.1000	1.4725
308.2000	1.7031
308.3000	1.9270
308.4000	2.1433
308.5000	2.3511
308.6000	2.5497
308.7000	2.7382
308.8000	2.9159
308.9000	3.0821
309.0000	3.2361
309.1000	3.3773
309.2000	3.5052
309.3000	3.6193
309.4000	3.7191
309.5000	3.8042
309.6000	3.8743
309.7000	3.9291
309.8000	3.9685
309.9000	3.9921
310.0000	4.0000
310.1000	3.9921
310.2000	3.9685
310.3000	3.9291
310.4000	3.8743
310.5000	3.8042
310.6000	3.7191
310.7000	3.6193
310.8000	3.5052
310.9000	3.3773
311.0000	3.2361
311.1000	3.0821
311.2000	2.9159
311.3000	2.7382
311.4000	2.5497
311.5000	2.3511
311.6000	2.1433
311.7000	1.9270
311.8000	1.7031
311.9000	1.4725
312.0000	1.2361
312.1000	0.9948
312.2000	0.7495
312.3000	0.5013
312.4000	0.2512
312.5000	0.0000
312.6000	-0.2512
312.7000	-0.5013
312.8000	-0.7495
312.9000	-0.9948
313.0000	-1.2361
313.1000	-1.4725
313.2000	-1.7031
313.3000	-1.9270
313.4000	-2.1433
313.5000	-2.3511
313.6000	-2.5497
313.7000	-2.7382
313.8000	-2.9159
313.9000	-3.0821
314.0000	-3.2361
314.1000	-3.3773
314.2000	-3.5052
314.3000	-3.6193
314.4000	-3.7191
314.5000	-3.8042
314.6000	-3.8743
314.7000	-3.9291
314.8000	-3.9685
314.9000	-3.9921
315.0000	-4.0000
315.1000	-3.9921
315.2000	-3.9685
315.3000	-3.9291
315.4000	-3.8743
315.5000	-3.8042
315.6000	-3.7191
315.7000	-3.6193
315.8000	-3.5052
315.9000	-3.3773
316.0000	-3.2361
316.1000	-3.0821
316.2000	-2.9159
316.3000	-2.7382
316.4000	-2.5497
316.5000	-2.3511
316.6000	-2.1433
316.7000	-1.9270
316.8000	-1.7031
316.9000	-1.4725
317.0000	-1.2361
317.1000	-0.9948
317.2000	-0.7495
317.3000	-0.5013
317.4000	-0.2512
317.5000	-0.0000
317.6000	0.2512
317.7000	0.5013
317.8000	0.7495
317.9000	0.9948
318.0000	1.2361
318.1000	1.4725
318.2000	1.7031
318.3000	1.9270
318.4000	2.1433
318.5000	2.3511
318.6000	2.5497
318.7000	2.7382
318.8000	2.9159
318.9000	3.0821
319.0000	3.2361
319.1000	3.3773
319.2000	3.5052
319.3000	3.6193
319.4000	3.7191
319.5000	3.8042
319.6000	3.8743
319.7000	3.9291
319.8000	3.9685
319.9000	3.9921
320.0000	4.0000
320.1000	3.9921
320.2000	3.9685
320.3000	3.9291
320.4000	3.8743
320.5000	3.8042
320.6000	3.7191
320.7000	3.6193
320.8000	3.5052
320.9000	3.3773
321.0000	3.2361
321.1000	3.0821
321.2000	2.9159
321.3000	2.7382
321.4000	2.5497
321.5000	2.3511
321.6000	2.1433
321.7000	1.9270
321.8000	1.7031
321.9000	1.4725
322.0000	1.2361
322.1000	0.9948
322.2000	0.7495
322.3000	0.5013
322.4000	0.2512
322.5000	0.0000
322.6000	-0.2512
322.7000	-0.5013
322.8000	-0.7495
322.9000	-0.9948
323.0000	-1.2361
323.1000	-1.4725
323.2000	-1.7031
323.3000	-1.9270
323.4000	-2.1433
323.5000	-2.3511
323.6000	-2.5497
323.7000	-2.7382
323.8000	-2.9159
323.9000	-3.0821
324.0000	-3.2361
324.1000	-3.3773
324.2000	-3.5052
324.3000	-3.6193
324.4000	-3.7191
324.5000	-3.8042
324.6000	-3.8743
324.7000	-3.9291
324.8000	-3.9685
324.9000	-3.9921
325.0000	-4.0000
325.1000	-3.9921
325.2000	-3.9685
325.3000	-3.9291
325.4000	-3.8743
325.5000	-3.8042
325.6000	-3.7191
325.7000	-3.6193
325.8000	-3.5052
325.9000	-3.3773
326.0000	-3.2361
326.1000	-3.0821
326.2000	-2.9159
326.3000	-2.7382
326.4000	-2.5497
326.5000	-2.3511
326.6000	-2.1433
326.7000	-1.9270
326.8000	-1.7031
326.9000	-1.4725
327.0000	-1.2361
327.1000	-0.9948
327.2000	-0.7495
327.3000	-0.5013
327.4000	-0.2512
327.5000	0.0000
327.6000	0.2512
327.7000	0.5013
327.8000	0.7495
327.9000	0.9948
328.0000	1.2361
328.1000	1.4725
328.2000	1.7031
328.3000	1.9270
328.4000	2.1433
328.5000	2.3511
328.6000	2.5497
328.7000	2.7382
328.8000	2.9159
328.9000	3.0821
329.0000	3.2361
329.1000	3.3773
329.2000	3.5052
329.3000	3.6193
329.4000	3.7191
329.5000	3.8042
329.6000	3.8743
329.7000	3.9291
329.8000	3.9685
329.9000	3.9921
330.0000	4.0000
330.1000	3.9921
330.2000	3.9685
330.3000	3.9291
330.4000	3.8743
330.5000	3.8042
330.6000	3.7191
330.7000	3.6193
330.8000	3.5052
330.9000	3.3773
331.0000	3.2361
331.1000	3.0821
331.2000	2.9159
331.3000	2.7382
331.4000	2.5497
331.5000	2.3511
331.6000	2.1433
331.7000	1.9270
331.8000	1.7031
331.9000	1.4725
332.0000	1.2361
332.1000	0.9948
332.2000	0.7495
332.3000	0.5013
332.4000	0.2512
332.5000	0.0000
332.6000	-0.2512
332.7000	-0.5013
332.8000	-0.7495
332.9000	-0.9948
333.0000	-1.2361
333.1000	-1.4725
333.2000	-1.7031
333.3000	-1.9270
333.4000	-2.1433
333.5000	-2.3511
333.6000	-2.5497
333.7000	-2.7382
333.8000	-2.9159
333.9000	-3.0821
334.0000	-3.2361
334.1000	-3.3773
334.2000	-3.5052
334.3000	-3.6193
334.4000	-3.7191
334.5000	-3.8042
334.6000	-3.8743
334.7000	-3.9291
334.8000	-3.9685
334.9000	-3.9921
335.0000	-4.0000
335.1000	-3.9921
335.2000	-3.9685
335.3000	-3.9291
335.4000	-3.8743
335.5000	-3.8042
335.6000	-3.7191
335.7000	-3.6193
335.8000	-3.5052
335.9000	-3.3773
336.0000	-3.2361
336.1000	-3.0821
336.2000	-2.9159
336.3000	-2.7382
336.4000	-2.5497
336.5000	-2.3511
336.6000	-2.1433
336.7000	-1.9270
336.8000	-1.7031
336.9000	-1.4725
337.0000	-1.2361
337.1000	-0.9948
337.2000	-0.7495
337.3000	-0.5013
337.4000	-0.2512
337.5000	-0.0000
337.6000	0.2512
337.7000	0.5013
337.8000	0.7495
337.9000	0.9948
338.0000	1.2361
338.1000	1.4725
338.2000	1.7031
338.3000	1.9270
338.4000	2.1433
338.5000	2.3511
338.6000	2.5497
338.7000	2.7382
338.8000	2.9159
338.9000	3.0821
339.0000	3.2361
339.1000	3.3773
339.2000	3.5052
339.3000	3.6193
339.4000	3.7191
339.5000	3.8042
339.6000	3.8743
339.7000	3.9291
339.8000	3.9685
339.9000	3.9921
340.0000	4.0000
340.1000	3.9921
340.2000	3.9685
340.3000	3.9291
340.4000	3.8743
340.5000	3.8042
340.6000	3.7191
340.7000	3.6193
340.8000	3.5052
340.9000	3.3773
341.0000	3.2361
341.1000	3.0821
341.2000	2.9159
341.3000	2.7382
341.4000	2.5497
341.5000	2.3511
341.6000	2.1433
341.7000	1.9270
341.8000	1.7031
341.9000	1.4725
342.0000	1.2361
342.1000	0.9948
342.2000	0.7495
342.3000	0.5013
342.4000	0.2512
342.5000	-0.0000
342.6000	-0.2512
342.7000	-0.5013
342.8000	-0.7495
342.9000	-0.9948
343.0000	-1.2361
343.1000	-1.4725
343.2000	-1.7031
343.3000	-1.9270
343.4000	-2.1433
343.5000	-2.3511
343.6000	-2.5497
343.7000	-2.7382
343.8000	-2.9159
343.9000	-3.0821
344.0000	-3.2361
344.1000	-3.3773
344.2000	-3.5052
344.3000	-3.6193
344.4000	-3.7191
344.5000	-3.8042
344.6000	-3.8743
344.7000	-3.9291
344.8000	-3.9685
344.9000	-3.9921
345.0000	-4.0000
345.1000	-3.9921
345.2000	-3.9685
345.3000	-3.9291
345.4000	-3.8743
345.5000	-3.8042
345.6000	-3.7191
345.7000	-3.6193
345.8000	-3.5052
345.9000	-3.3773
346.0000	-3.2361
346.1000	-3.0821
346.2000	-2.9159
346.3000	-2.7382
346.4000	-2.5497
346.5000	-2.3511
346.6000	-2.1433
346.7000	-1.9270
346.8000	-1.7031
346.9000	-1.4725
347.0000	-1.2361
347.1000	-0.9948
347.2000	-0.7495
347.3000	-0.5013
347.4000	-0.2512
347.5000	-0.0000
347.6000	0.2512
347.7000	0.5013
347.8000	0.7495
347.9000	0.9948
348.0000	1.2361
348.1000	1.4725
348.2000	1.7031
348.3000	1.9270
348.4000	2.1433
348.5000	2.3511
348.6000	2.5497
348.7000	2.7382
348.8000	2.9159
348.9000	3.0821
349.0000	3.2361
349.1000	3.3773
349.2000	3.5052
349.3000	3.6193
349.4000	3.7191
349.5000	3.8042
349.6000	3.8743
349.7000	3.9291
349.8000	3.9685
349.9000	3.9921
350.0000	4.0000
350.1000	3.9921
350.2000	3.9685
350.3000	3.9291
350.4000	3.8743
350.5000	3.8042
350.6000	3.7191
350.7000	3.6193
350.8000	3.5052
350.9000	3.3773
351.0000	3.2361
351.1000	3.0821
351.2000	2.9159
351.3000	2.7382
351.4000	2.5497
351.5000	2.3511
351.6000	2.1433
351.7000	1.9270
351.8000	1.7031
351.9000	1.4725
352.0000	1.2361
352.1000	0.9948
352.2000	0.7495
352.3000	0.5013
352.4000	0.2512
352.5000	0.0000
352.6000	-0.2512
352.7000	-0.5013
352.8000	-0.7495
352.9000	-0.9948
353.0000	-1.2361
353.1000	-1.4725
353.2000	-1.7031
353.3000	-1.9270
353.4000	-2.1433
353.5000	-2.3511
353.6000	-2.5497
353.7000	-2.7382
353.8000	-2.9159
353.9000	-3.0821
354.0000	-3.2361
354.1000	-3.3773
354.2000	-3.5052
354.3000	-3.6193
354.4000	-3.7191
354.5000	-3.8042
354.6000	-3.8743
354.7000	-3.9291
354.8000	-3.9685
354.9000	-3.9921
355.0000	-4.0000
355.1000	-3.9921
355.2000	-3.9685
355.3000	-3.9291
355.4000	-3.8743
355.5000	-3.8042
355.6000	-3.7191
355.7000	-3.6193
355.8000	-3.5052
355.9000	-3.3773
356.0000	-3.2361
356.1000	-3.0821
356.2000	-2.9159
356.3000	-2.7382
356.4000	-2.5497
356.5000	-2.3511
356.6000	-2.1433
356.7000	-1.9270
356.8000	-1.7031
356.9000	-1.4725
357.0000	-1.2361
357.1000	-0.9948
357.2000	-0.7495
357.3000	-0.5013
357.4000	-0.2512
357.5000	-0.0000
357.6000	0.2512
357.7000	0.5013
357.8000	0.7495
357.9000	0.9948
358.0000	1.2361
358.1000	1.4725
358.2000	1.7031
358.3000	1.9270
358.4000	2.1433
358.5000	2.3511
358.6000	2.5497
358.7000	2.7382
358.8000	2.9159
358.9000	3.0821
359.0000	3.2361
359.1000	3.3773
359.2000	3.5052
359.3000	3.6193
359.4000	3.7191
359.5000	3.8042
359.6000	3.8743
359.7000	3.9291
359.8000	3.9685
359.9000	3.9921
360.0000	4.0000
360.1000	3.9921
360.2000	3.9685
360.3000	3.9291
360.4000	3.8743
360.5000	3.8042
360.6000	3.7191
360.7000	3.6193
360.8000	3.5052
360.9000	3.3773
361.0000	3.2361
361.1000	3.0821
361.2000	2.9159
361.3000	2.7382
361.4000	2.5497
361.5000	2.3511
361.6000	2.1433
361.7000	1.9270
361.8000	1.7031
361.9000	1.4725
362.0000	1.2361
362.1000	0.9948
362.2000	0.7495
362.3000	0.5013
362.4000	0.2512
362.5000	0.0000
362.6000	-0.2512
362.7000	-0.5013
362.8000	-0.7495
362.9000	-0.9948
363.0000	-1.2361
363.1000	-1.4725
363.2000	-1.7031
363.3000	-1.9270
363.4000	-2.1433
363.5000	-2.3511
363.6000	-2.5497
363.7000	-2.7382
363.8000	-2.9159
363.9000	-3.0821
364.0000	-3.2361
364.1000	-3.3773
364.2000	-3.5052
364.3000	-3.6193
364.4000	-3.7191
364.5000	-3.8042
364.6000	-3.8743
364.7000	-3.9291
364.8000	-3.9685
364.9000	-3.9921
365.0000	-4.0000
365.1000	-3.9921
365.2000	-3.9685
365.3000	-3.9291
365.4000	-3.8743
365.5000	-3.8042
365.6000	-3.7191
365.7000	-3.6193
365.8000	-3.5052
365.9000	-3.3773
366.0000	-3.2361
366.1000	-3.0821
366.2000	-2.9159
366.3000	-2.7382
366.4000	-2.5497
366.5000	-2.3511
366.6000	-2.1433
366.7000	-1.9270
366.8000	-1.7031
366.9000	-1.4725
367.0000	-1.2361
367.1000	-0.9948
367.2000	-0.7495
367.3000	-0.5013
367.4000	-0.2512
367.5000	0.0000
367.6000	0.2512
367.7000	0.5013
367.8000	0.7495
367.9000	0.9948
368.0000	1.2361
368.1000	1.4725
368.2000	1.7031
368.3000	1.9270
368.4000	2.1433
368.5000	2.3511
368.6000	2.5497
368.7000	2.7382
368.8000	2.9159
368.9000	3.0821
369.0000	3.2361
369.1000	3.3773
369.2000	3.5052
369.3000	3.6193
369.4000	3.7191
369.5000	3.8042
369.6000	3.8743
369.7000	3.9291
369.8000	3.9685
369.9000	3.9921
370.0000	4.0000
370.1000	3.9921
370.2000	3.9685
370.3000	3.9291
370.4000	3.8743
370.5000	3.8042
370.6000	3.7191
370.7000	3.6193
370.8000	3.5052
370.9000	3.3773
371.0000	3.2361
371.1000	3.0821
371.2000	2.9159
371.3000	2.7382
371.4000	2.5497
371.5000	2.3511
371.6000	2.1433
371.7000	1.9270
371.8000	1.7031
371.9000	1.4725
372.0000	1.2361
372.1000	0.9948
372.2000	0.7495
372.3000	0.5013
372.4000	0.2512
372.5000	0.0000
372.6000	-0.2512
372.7000	-0.5013
372.8000	-0.7495
372.9000	-0.9948
373.0000	-1.2361
373.1000	-1.4725
373.2000	-1.7031
373.3000	-1.9270
373.4000	-2.1433
373.5000	-2.3511
373.6000	-2.5497
373.7000	-2.7382
373.8000	-2.9159
373.9000	-3.0821
374.0000	-3.2361
374.1000	-3.3773
374.2000	-3.5052
374.3000	-3.6193
374.4000	-3.7191
374.5000	-3.8042
374.6000	-3.8743
374.7000	-3.9291
374.8000	-3.9685
374.9000	-3.9921
375.0000	-4.0000
375.1000	-3.9921
375.2000	-3.9685
375.3000	-3.9291
375.4000	-3.8743
375.5000	-3.8042
375.6000	-3.7191
375.7000	-3.6193
375.8000	-3.5052
375.9000	-3.3773
376.0000	-3.2361
376.1000	-3.0821
376.2000	-2.9159
376.3000	-2.7382
376.4000	-2.5497
376.5000	-2.3511
376.6000	-2.1433
376.7000	-1.9270
376.8000	-1.7031
376.9000	-1.4725
377.0000	-1.2361
377.1000	-0.9948
377.2000	-0.7495
377.3000	-0.5013
377.4000	-0.2512
377.5000	-0.0000
377.6000	0.2512
377.7000	0.5013
377.8000	0.7495
377.9000	0.9948
378.0000	1.2361
378.1000	1.4725
378.2000	1.7031
378.3000	1.9270
378.4000	2.1433
378.5000	2.3511
378.6000	2.5497
378.7000	2.7382
378.8000	2.9159
378.9000	3.0821
379.0000	3.2361
379.1000	3.3773
379.2000	3.5052
379.3000	3.6193
379.4000	3.7191
379.5000	3.8042
379.6000	3.8743
379.7000	3.9291
379.8000	3.9685
379.9000	3.9921
380.0000	4.0000
380.1000	3.9921
380.2000	3.9685
380.3000	3.9291
380.4000	3.8743
380.5000	3.8042
380.6000	3.7191
380.7000	3.6193
380.8000	3.5052
380.9000	3.3773
381.0000	3.2361
381.1000	3.0821
381.2000	2.9159
381.3000	2.7382
381.4000	2.5497
381.5000	2.3511
381.6000	2.1433
381.7000	1.9270
381.8000	1.7031
381.9000	1.4725
382.0000	1.2361
382.1000	0.9948
382.2000	0.7495
382.3000	0.5013
382.4000	0.2512
382.5000	0.0000
382.6000	-0.2512
382.7000	-0.5013
382.8000	-0.7495
382.9000	-0.9948
383.0000	-1.2361
383.1000	-1.4725
383.2000	-1.7031
383.3000	-1.9270
383.4000	-2.1433
383.5000	-2.3511
383.6000	-2.5497
383.7000	-2.7382
383.8000	-2.9159
383.9000	-3.0821
384.0000	-3.2361
384.1000	-3.3773
384.2000	-3.5052
384.3000	-3.6193
384.4000	-3.7191
384.5000	-3.8042
384.6000	-3.8743
384.7000	-3.9291
384.8000	-3.9685
384.9000	-3.9921
385.0000	-4.0000
385.1000	-3.9921
385.2000	-3.9685
385.3000	-3.9291
385.4000	-3.8743
385.5000	-3.8042
385.6000	-3.7191
385.7000	-3.6193
385.8000	-3.5052
385.9000	-3.3773
386.0000	-3.2361
386.1000	-3.0821
386.2000	-2.9159
386.3000	-2.7382
386.4000	-2.5497
386.5000	-2.3511
386.6000	-2.1433
386.7000	-1.9270
386.8000	-1.7031
386.9000	-1.4725
387.0000	-1.2361
387.1000	-0.9948
387.2000	-0.7495
387.3000	-0.5013
387.4000	-0.2512
387.5000	-0.0000
387.6000	0.2512
387.7000	0.5013
387.8000	0.7495
387.9000	0.9948
388.0000	1.2361
388.1000	1.4725
388.2000	1.7031
388.3000	1.9270
388.4000	2.1433
388.5000	2.3511
388.6000	2.5497
388.7000	2.7382
388.8000	2.9159
388.9000	3.0821
389.0000	3.2361
389.1000	3.3773
389.2000	3.5052
389.3000	3.6193
389.4000	3.7191
389.5000	3.8042
389.6000	3.8743
389.7000	3.9291
389.8000	3.9685
389.9000	3.9921
390.0000	4.0000
390.1000	3.9921
390.2000	3.9685
390.3000	3.9291
390.4000	3.8743
390.5000	3.8042
390.6000	3.7191
390.7000	3.6193
390.8000	3.5052
390.9000	3.3773
391.0000	3.2361
391.1000	3.0821
391.2000	2.9159
391.3000	2.7382
391.4000	2.5497
391.5000	2.3511
391.6000	2.1433
391.7000	1.9270
391.8000	1.7031
391.9000	1.4725
392.0000	1.2361
392.1000	0.9948
392.2000	0.7495
392.3000	0.5013
392.4000	0.2512
392.5000	0.0000
392.6000	-0.2512
392.7000	-0.5013
392.8000	-0.7495
392.9000	-0.9948
393.0000	-1.2361
393.1000	-1.4725
393.2000	-1.7031
393.3000	-1.9270
393.4000	-2.1433
393.5000	-2.3511
393.6000	-2.5497
393.7000	-2.7382
393.8000	-2.9159
393.9000	-3.0821
394.0000	-3.2361
394.1000	-3.3773
394.2000	-3.5052
394.3000	-3.6193
394.4000	-3.7191
394.5000	-3.8042
394.6000	-3.8743
394.7000	-3.9291
394.8000	-3.9685
394.9000	-3.9921
395.0000	-4.0000
395.1000	-3.9921
395.2000	-3.9685
395.3000	-3.9291
395.4000	-3.8743
395.5000	-3.8042
395.6000	-3.7191
395.7000	-3.6193
395.8000	-3.5052
395.9000	-3.3773
396.0000	-3.2361
396.1000	-3.0821
396.2000	-2.9159
396.3000	-2.7382
396.4000	-2.5497
396.5000	-2.3511
396.6000	-2.1433
396.7000	-1.9270
396.8000	-1.7031
396.9000	-1.4725
397.0000	-1.2361
397.1000	-0.9948
397.2000	-0.7495
397.3000	-0.5013
397.4000	-0.2512
397.5000	-0.0000
397.6000	0.2512
397.7000	0.5013
397.8000	0.7495
397.9000	0.9948
398.0000	1.2361
398.1000	1.4725
398.2000	1.7031
398.3000	1.9270
398.4000	2.1433
398.5000	2.3511
398.6000	2.5497
398.7000	2.7382
398.8000	2.9159
398.9000	3.0821
399.0000	3.2361
399.1000	3.3773
399.2000	3.5052
399.3000	3.6193
399.4000	3.7191
399.5000	3.8042
399.6000	3.8743
399.7000	3.9291
399.8000	3.9685
399.9000	3.9921
400.0000	4.0000
400.1000	3.9921
400.2000	3.9685
400.3000	3.9291
400.4000	3.8743
400.5000	3.8042
400.6000	3.7191
400.7000	3.6193
400.8000	3.5052
400.9000	3.3773
401.0000	3.2361
401.1000	3.0821
401.2000	2.9159
401.3000	2.7382
401.4000	2.5497
401.5000	2.3511
401.6000	2.1433
401.7000	1.9270
401.8000	1.7031
401.9000	1.4725
402.0000	1.2361
402.1000	0.9948
402.2000	0.7495
402.3000	0.5013
402.4000	0.2512
402.5000	0.0000
402.6000	-0.2512
402.7000	-0.5013
402.8000	-0.7495
402.9000	-0.9948
403.0000	-1.2361
403.1000	-1.4725
403.2000	-1.7031
403.3000	-1.9270
403.4000	-2.1433
403.5000	-2.3511
403.6000	-2.5497
403.7000	-2.7382
403.8000	-2.9159
403.9000	-3.0821
404.0000	-3.2361
404.1000	-3.3773
404.2000	-3.5052
404.3000	-3.6193
404.4000	-3.7191
404.5000	-3.8042
404.6000	-3.8743
404.7000	-3.9291
404.8000	-3.9685
404.9000	-3.9921
405.0000	-4.0000
405.1000	-3.9921
405.2000	-3.9685
405.3000	-3.9291
405.4000	-3.8743
405.5000	-3.8042
405.6000	-3.7191
405.7000	-3.6193
405.8000	-3.5052
405.9000	-3.3773
406.0000	-3.2361
406.1000	-3.0821
406.2000	-2.9159
406.3000	-2.7382
406.4000	-2.5497
406.5000	-2.3511
406.6000	-2.1433
406.7000	-1.9270
406.8000	-1.7031
406.9000	-1.4725
407.0000	-1.2361
407.1000	-0.9948
407.2000	-0.7495
407.3000	-0.5013
407.4000	-0.2512
407.5000	-0.0000
407.6000	0.2512
407.7000	0.5013
407.8000	0.7495
407.9000	0.9948
408.0000	1.2361
408.1000	1.4725
408.2000	1.7031
408.3000	1.9270
408.4000	2.1433
408.5000	2.3511
408.6000	2.5497
408.7000	2.7382
408.8000	2.9159
408.9000	3.0821
409.0000	3.2361
409.1000	3.3773
409.2000	3.5052
409.3000	3.6193
409.4000	3.7191
409.5000	3.8042
409.6000	3.8743
409.7000	3.9291
409.8000	3.9685
409.9000	3.9921
410.0000	4.0000
410.1000	3.9921
410.2000	3.9685
410.3000	3.9291
410.4000	3.8743
410.5000	3.8042
410.6000	3.7191
410.7000	3.6193
410.8000	3.5052
410.9000	3.3773
411.0000	3.2361
411.1000	3.0821
411.2000	2.9159
411.3000	2.7382
411.4000	2.5497
411.5000	2.3511
411.6000	2.1433
411.7000	1.9270
411.8000	1.7031
411.9000	1.4725
412.0000	1.2361
412.1000	0.9948
412.2000	0.7495
412.3000	0.5013
412.4000	0.2512
412.5000	0.0000
412.6000	-0.2512
412.7000	-0.5013
412.8000	-0.7495
412.9000	-0.9948
413.0000	-1.2361
413.1000	-1.4725
413.2000	-1.7031
413.3000	-1.9270
413.4000	-2.1433
413.5000	-2.3511
413.6000	-2.5497
413.7000	-2.7382
413.8000	-2.9159
413.9000	-3.0821
414.0000	-3.2361
414.1000	-3.3773
414.2000	-3.5052
414.3000	-3.6193
414.4000	-3.7191
414.5000	-3.8042
414.6000	-3.8743
414.7000	-3.9291
414.8000	-3.9685
414.9000	-3.9921
415.0000	-4.0000
415.1000	-3.9921
415.2000	-3.9685
415.3000	-3.9291
415.4000	-3.8743
415.5000	-3.8042
415.6000	-3.7191
415.7000	-3.6193
415.8000	-3.5052
415.9000	-3.3773
416.0000	-3.2361
416.1000	-3.0821
416.2000	-2.9159
416.3000	-2.7382
416.4000	-2.5497
416.5000	-2.3511
416.6000	-2.1433
416.7000	-1.9270
416.8000	-1.7031
416.9000	-1.4725
417.0000	-1.2361
417.1000	-0.9948
417.2000	-0.7495
417.3000	-0.5013
417.4000	-0.2512
417.5000	0.0000
417.6000	0.2512
417.7000	0.5013
417.8000	0.7495
417.9000	0.9948
418.0000	1.2361
418.1000	1.4725
418.2000	1.7031
418.3000	1.9270
418.4000	2.1433
418.5000	2.3511
418.6000	2.5497
418.7000	2.7382
418.8000	2.9159
418.9000	3.0821
419.0000	3.2361
419.1000	3.3773
419.2000	3.5052
419.3000	3.6193
419.4000	3.7191
419.5000	3.8042
419.6000	3.8743
419.7000	3.9291
419.8000	3.9685
419.9000	3.9921
420.0000	4.0000
420.1000	3.9921
420.2000	3.9685
420.3000	3.9291
420.4000	3.8743
420.5000	3.8042
420.6000	3.7191
420.7000	3.6193
420.8000	3.5052
420.9000	3.3773
421.0000	3.2361
421.1000	3.0821
421.2000	2.9159
421.3000	2.7382
421.4000	2.5497
421.5000	2.3511
421.6000	2.1433
421.7000	1.9270
421.8000	1.7031
421.9000	1.4725
422.0000	1.2361
422.1000	0.9948
422.2000	0.7495
422.3000	0.5013
422.4000	0.2512
422.5000	0.0000
422.6000	-0.2512
422.7000	-0.5013
422.8000	-0.7495
422.9000	-0.9948
423.0000	-1.2361
423.1000	-1.4725
423.2000	-1.7031
423.3000	-1.9270
423.4000	-2.1433
423.5000	-2.3511
423.6000	-2.5497
423.7000	-2.7382
423.8000	-2.9159
423.9000	-3.0821
424.0000	-3.2361
424.1000	-3.3773
424.2000	-3.5052
424.3000	-3.6193
424.4000	-3.7191
424.5000	-3.8042
424.6000	-3.8743
424.7000	-3.9291
424.8000	-3.9685
424.9000	-3.9921
425.0000	-4.0000
425.1000	-3.9921
425.2000	-3.9685
425.3000	-3.9291
425.4000	-3.8743
425.5000	-3.8042
425.6000	-3.7191
425.7000	-3.6193
425.8000	-3.5052
425.9000	-3.3773
426.0000	-3.2361
426.1000	-3.0821
426.2000	-2.9159
426.3000	-2.7382
426.4000	-2.5497
426.5000	-2.3511
426.6000	-2.1433
426.7000	-1.9270
426.8000	-1.7031
426.9000	-1.4725
427.0000	-1.2361
427.1000	-0.9948
427.2000	-0.7495
427.3000	-0.5013
427.4000	-0.2512
427.5000	-0.0000
427.6000	0.2512
427.7000	0.5013
427.8000	0.7495
427.9000	0.9948
428.0000	1.2361
428.1000	1.4725
428.2000	1.7031
428.3000	1.9270
428.4000	2.1433
428.5000	2.3511
428.6000	2.5497
428.7000	2.7382
428.8000	2.9159
428.9000	3.0821
429.0000	3.2361
429.1000	3.3773
429.2000	3.5052
429.3000	3.6193
429.4000	3.7191
429.5000	3.8042
429.6000	3.8743
429.7000	3.9291
429.8000	3.9685
429.9000	3.9921
430.0000	4.0000
430.1000	3.9921
430.2000	3.9685
430.3000	3.9291
430.4000	3.8743
430.5000	3.8042
430.6000	3.7191
430.7000	3.6193
430.8000	3.5052
430.9000	3.3773
431.0000	3.2361
431.1000	3.0821
431.2000	2.9159
431.3000	2.7382
431.4000	2.5497
431.5000	2.3511
431.6000	2.1433
431.7000	1.9270
431.8000	1.7031
431.9000	1.4725
432.0000	1.2361
432.1000	0.9948
432.2000	0.7495
432.3000	0.5013
432.4000	0.2512
432.5000	0.0000
432.6000	-0.2512
432.7000	-0.5013
432.8000	-0.7495
432.9000	-0.9948
433.0000	-1.2361
433.1000	-1.4725
433.2000	-1.7031
433.3000	-1.9270
433.4000	-2.1433
433.5000	-2.3511
433.6000	-2.5497
433.7000	-2.7382
433.8000	-2.9159
433.9000	-3.0821
434.0000	-3.2361
434.1000	-3.3773
434.2000	-3.5052
434.3000	-3.6193
434.4000	-3.7191
434.5000	-3.8042
434.6000	-3.8743
434.7000	-3.9291
434.8000	-3.9685
434.9000	-3.9921
435.0000	-4.0000
435.1000	-3.9921
435.2000	-3.9685
435.3000	-3.9291
435.4000	-3.8743
435.5000	-3.8042
435.6000	-3.7191
435.7000	-3.6193
435.8000	-3.5052
435.9000	-3.3773
436.0000	-3.2361
436.1000	-3.0821
436.2000	-2.9159
436.3000	-2.7382
436.4000	-2.5497
436.5000	-2.3511
436.6000	-2.1433
436.7000	-1.9270
436.8000	-1.7031
436.9000	-1.4725
437.0000	-1.2361
437.1000	-0.9948
437.2000	-0.7495
437.3000	-0.5013
437.4000	-0.2512
437.5000	-0.0000
437.6000	0.2512
437.7000	0.5013
437.8000	0.7495
437.9000	0.9948
438.0000	1.2361
438.1000	1.4725
438.2000	1.7031
438.3000	1.9270
438.4000	2.1433
438.5000	2.3511
438.6000	2.5497
438.7000	2.7382
438.8000	2.9159
438.9000	3.0821
439.0000	3.2361
439.1000	3.3773
439.2000	3.5052
439.3000	3.6193
439.4000	3.7191
439.5000	3.8042
439.6000	3.8743
439.7000	3.9291
439.8000	3.9685
439.9000	3.9921
440.0000	4.0000
440.1000	3.9921
440.2000	3.9685
440.3000	3.9291
440.4000	3.8743
440.5000	3.8042
440.6000	3.7191
440.7000	3.6193
440.8000	3.5052
440.9000	3.3773
441.0000	3.2361
441.1000	3.0821
441.2000	2.9159
441.3000	2.7382
441.4000	2.5497
441.5000	2.3511
441.6000	2.1433
441.7000	1.9270
441.8000	1.7031
441.9000	1.4725
442.0000	1.2361
442.1000	0.9948
442.2000	0.7495
442.3000	0.5013
442.4000	0.2512
442.5000	-0.0000
442.6000	-0.2512
442.7000	-0.5013
442.8000	-0.7495
442.9000	-0.9948
443.0000	-1.2361
443.1000	-1.4725
443.2000	-1.7031
443.3000	-1.9270
443.4000	-2.1433
443.5000	-2.3511
443.6000	-2.5497
443.7000	-2.7382
443.8000	-2.9159
443.9000	-3.0821
444.0000	-3.2361
444.1000	-3.3773
444.2000	-3.5052
444.3000	-3.6193
444.4000	-3.7191
444.5000	-3.8042
444.6000	-3.8743
444.7000	-3.9291
444.8000	-3.9685
444.9000	-3.9921
445.0000	-4.0000
445.1000	-3.9921
445.2000	-3.9685
445.3000	-3.9291
445.4000	-3.8743
445.5000	-3.8042
445.6000	-3.7191
445.7000	-3.6193
445.8000	-3.5052
445.9000	-3.3773
446.0000	-3.2361
446.1000	-3.0821
446.2000	-2.9159
446.3000	-2.7382
446.4000	-2.5497
446.5000	-2.3511
446.6000	-2.1433
446.7000	-1.9270
446.8000	-1.7031
446.9000	-1.4725
447.0000	-1.2361
447.1000	-0.9948
447.2000	-0.7495
447.3000	-0.5013
447.4000	-0.2512
447.5000	0.0000
447.6000	0.2512
447.7000	0.5013
447.8000	0.7495
447.9000	0.9948
448.0000	1.2361
448.1000	1.4725
448.2000	1.7031
448.3000	1.9270
448.4000	2.1433
448.5000	2.3511
448.6000	2.5497
448.7000	2.7382
448.8000	2.9159
448.9000	3.0821
449.0000	3.2361
449.1000	3.3773
449.2000	3.5052
449.3000	3.6193
449.4000	3.7191
449.5000	3.8042
449.6000	3.8743
449.7000	3.9291
449.8000	3.9685
449.9000	3.9921
450.0000	4.0000
450.1000	3.9921
450.2000	3.9685
450.3000	3.9291
450.4000	3.8743
450.5000	3.8042
450.6000	3.7191
450.7000	3.6193
450.8000	3.5052
450.9000	3.3773
451.0000	3.2361
451.1000	3.0821
451.2000	2.9159
451.3000	2.7382
451.4000	2.5497
451.5000	2.3511
451.6000	2.1433
451.7000	1.9270
451.8000	1.7031
451.9000	1.4725
452.0000	1.2361
452.1000	0.9948
452.2000	0.7495
452.3000	0.5013
452.4000	0.2512
452.5000	0.0000
452.6000	-0.2512
452.7000	-0.5013
452.8000	-0.7495
452.9000	-0.9948
453.0000	-1.2361
453.1000	-1.4725
453.2000	-1.7031
453.3000	-1.9270
453.4000	-2.1433
453.5000	-2.3511
453.6000	-2.5497
453.7000	-2.7382
453.8000	-2.9159
453.9000	-3.0821
454.0000	-3.2361
454.1000	-3.3773
454.2000	-3.5052
454.3000	-3.6193
454.4000	-3.7191
454.5000	-3.8042
454.6000	-3.8743
454.7000	-3.9291
454.8000	-3.9685
454.9000	-3.9921
455.0000	-4.0000
455.1000	-3.9921
455.2000	-3.9685
455.3000	-3.9291
455.4000	-3.8743
455.5000	-3.8042
455.6000	-3.7191
455.7000	-3.6193
455.8000	-3.5052
455.9000	-3.3773
456.0000	-3.2361
456.1000	-3.0821
456.2000	-2.9159
456.3000	-2.7382
456.4000	-2.5497
456.5000	-2.3511
456.6000	-2.1433
456.7000	-1.9270
456.8000	-1.7031
456.9000	-1.4725
457.0000	-1.2361
457.1000	-0.9948
457.2000	-0.7495
457.3000	-0.5013
457.4000	-0.2512
457.5000	-0.0000
457.6000	0.2512
457.7000	0.5013
457.8000	0.7495
457.9000	0.9948
458.0000	1.2361
458.1000	1.4725
458.2000	1.7031
458.3000	1.9270
458.4000	2.1433
458.5000	2.3511
458.6000	2.5497
458.7000	2.7382
458.8000	2.9159
458.9000	3.0821
459.0000	3.2361
459.1000	3.3773
459.2000	3.5052
459.3000	3.6193
459.4000	3.7191
459.5000	3.8042
459.6000	3.8743
459.7000	3.9291
459.8000	3.9685
459.9000	3.9921
460.0000	4.0000
460.1000	3.9921
460.2000	3.9685
460.3000	3.9291
460.4000	3.8743
460.5000	3.8042
460.6000	3.7191
460.7000	3.6193
460.8000	3.5052
460.9000	3.3773
461.0000	3.2361
461.1000	3.0821
461.2000	2.9159
461.3000	2.7382
461.4000	2.5497
461.5000	2.3511
461.6000	2.1433
461.7000	1.9270
461.8000	1.7031
461.9000	1.4725
462.0000	1.2361
462.1000	0.9948
462.2000	0.7495
462.3000	0.5013
462.4000	0.2512
462.5000	0.0000
462.6000	-0.2512
462.7000	-0.5013
462.8000	-0.7495
462.9000	-0.9948
463.0000	-1.2361
463.1000	-1.4725
463.2000	-1.7031
463.3000	-1.9270
463.4000	-2.1433
463.5000	-2.3511
463.6000	-2.5497
463.7000	-2.7382
463.8000	-2.9159
463.9000	-3.0821
464.0000	-3.2361
464.1000	-3.3773
464.2000	-3.5052
464.3000	-3.6193
464.4000	-3.7191
464.5000	-3.8042
464.6000	-3.8743
464.7000	-3.9291
464.8000	-3.9685
464.9000	-3.9921
465.0000	-4.0000
465.1000	-3.9921
465.2000	-3.9685
465.3000	-3.9291
465.4000	-3.8743
465.5000	-3.8042
465.6000	-3.7191
465.7000	-3.6193
465.8000	-3.5052
465.9000	-3.3773
466.0000	-3.2361
466.1000	-3.0821
466.2000	-2.9159
466.3000	-2.7382
466.4000	-2.5497
466.5000	-2.3511
466.6000	-2.1433
466.7000	-1.9270
466.8000	-1.7031
466.9000	-1.4725
467.0000	-1.2361
467.1000	-0.9948
467.2000	-0.7495
467.3000	-0.5013
467.4000	-0.2512
467.5000	0.0000
467.6000	0.2512
467.7000	0.5013
467.8000	0.7495
467.9000	0.9948
468.0000	1.2361
468.1000	1.4725
468.2000	1.7031
468.3000	1.9270
468.4000	2.1433
468.5000	2.3511
468.6000	2.5497
468.7000	2.7382
468.8000	2.9159
468.9000	3.0821
469.0000	3.2361
469.1000	3.3773
469.2000	3.5052
469.3000	3.6193
469.4000	3.7191
469.5000	3.8042
469.6000	3.8743
469.7000	3.9291
469.8000	3.9685
469.9000	3.9921
470.0000	4.0000
470.1000	3.9921
470.2000	3.9685
470.3000	3.9291
470.4000	3.8743
470.5000	3.8042
470.6000	3.7191
470.7000	3.6193
470.8000	3.5052
470.9000	3.3773
471.0000	3.2361
471.1000	3.0821
471.2000	2.9159
471.3000	2.7382
471.4000	2.5497
471.5000	2.3511
471.6000	2.1433
471.7000	1.9270
471.8000	1.7031
471.9000	1.4725
472.0000	1.2361
472.1000	0.9948
472.2000	0.7495
472.3000	0.5013
472.4000	0.2512
472.5000	-0.0000
472.6000	-0.2512
472.7000	-0.5013
472.8000	-0.7495
472.9000	-0.9948
473.0000	-1.2361
473.1000	-1.4725
473.2000	-1.7031
473.3000	-1.9270
473.4000	-2.1433
473.5000	-2.3511
473.6000	-2.5497
473.7000	-2.7382
473.8000	-2.9159
473.9000	-3.0821
474.0000	-3.2361
474.1000	-3.3773
474.2000	-3.5052
474.3000	-3.6193
474.4000	-3.7191
474.5000	-3.8042
474.6000	-3.8743
474.7000	-3.9291
474.8000	-3.9685
474.9000	-3.9921
475.0000	-4.0000
475.1000	-3.9921
475.2000	-3.9685
475.3000	-3.9291
475.4000	-3.8743
475.5000	-3.8042
475.6000	-3.7191
475.7000	-3.6193
475.8000	-3.5052
475.9000	-3.3773
476.0000	-3.2361
476.1000	-3.0821
476.2000	-2.9159
476.3000	-2.7382
476.4000	-2.5497
476.5000	-2.3511
476.6000	-2.1433
476.7000	-1.9270
476.8000	-1.7031
476.9000	-1.4725
477.0000	-1.2361
477.1000	-0.9948
477.2000	-0.7495
477.3000	-0.5013
477.4000	-0.2512
477.5000	-0.0000
477.6000	0.2512
477.7000	0.5013
477.8000	0.7495
477.9000	0.9948
478.0000	1.2361
478.1000	1.4725
478.2000	1.7031
478.3000	1.9270
478.4000	2.1433
478.5000	2.3511
478.6000	2.5497
478.7000	2.7382
478.8000	2.9159
478.9000	3.0821
479.0000	3.2361
479.1000	3.3773
479.2000	3.5052
479.3000	3.6193
479.4000	3.7191
479.5000	3.8042
479.6000	3.8743
479.7000	3.9291
479.8000	3.9685
479.9000	3.9921
480.0000	4.0000
480.1000	3.9921
480.2000	3.9685
480.3000	3.9291
480.4000	3.8743
480.5000	3.8042
480.6000	3.7191
480.7000	3.6193
480.8000	3.5052
480.9000	3.3773
481.0000	3.2361
481.1000	3.0821
481.2000	2.9159
481.3000	2.7382
481.4000	2.5497
481.5000	2.3511
481.6000	2.1433
481.7000	1.9270
481.8000	1.7031
481.9000	1.4725
482.0000	1.2361
482.1000	0.9948
482.2000	0.7495
482.3000	0.5013
482.4000	0.2512
482.5000	0.0000
482.6000	-0.2512
482.7000	-0.5013
482.8000	-0.7495
482.9000	-0.9948
483.0000	-1.2361
483.1000	-1.4725
483.2000	-1.7031
483.3000	-1.9270
483.4000	-2.1433
483.5000	-2.3511
483.6000	-2.5497
483.7000	-2.7382
483.8000	-2.9159
483.9000	-3.0821
484.0000	-3.2361
484.1000	-3.3773
484.2000	-3.5052
484.3000	-3.6193
484.4000	-3.7191
484.5000	-3.8042
484.6000	-3.8743
484.7000	-3.9291
484.8000	-3.9685
484.9000	-3.9921
485.0000	-4.0000
485.1000	-3.9921
485.2000	-3.9685
485.3000	-3.9291
485.4000	-3.8743
485.5000	-3.8042
485.6000	-3.7191
485.7000	-3.6193
485.8000	-3.5052
485.9000	-3.3773
486.0000	-3.2361
486.1000	-3.0821
486.2000	-2.9159
486.3000	-2.7382
486.4000	-2.5497
486.5000	-2.3511
486.6000	-2.1433
486.7000	-1.9270
486.8000	-1.7031
486.9000	-1.4725
487.0000	-1.2361
487.1000	-0.9948
487.2000	-0.7495
487.3000	-0.5013
487.4000	-0.2512
487.5000	-0.0000
487.6000	0.2512
487.7000	0.5013
487.8000	0.7495
487.9000	0.9948
488.0000	1.2361
488.1000	1.4725
488.2000	1.7031
488.3000	1.9270
488.4000	2.1433
488.5000	2.3511
488.6000	2.5497
488.7000	2.7382
488.8000	2.9159
488.9000	3.0821
489.0000	3.2361
489.1000	3.3773
489.2000	3.5052
489.3000	3.6193
489.4000	3.7191
489.5000	3.8042
489.6000	3.8743
489.7000	3.9291
489.8000	3.9685
489.9000	3.9921
490.0000	4.0000
490.1000	3.9921
490.2000	3.9685
490.3000	3.9291
490.4000	3.8743
490.5000	3.8042
490.6000	3.7191
490.7000	3.6193
490.8000	3.5052
490.9000	3.3773
491.0000	3.2361
491.1000	3.0821
491.2000	2.9159
491.3000	2.7382
491.4000	2.5497
491.5000	2.3511
491.6000	2.1433
491.7000	1.9270
491.8000	1.7031
491.9000	1.4725
492.0000	1.2361
492.1000	0.9948
492.2000	0.7495
492.3000	0.5013
492.4000	0.2512
492.5000	0.0000
492.6000	-0.2512
492.7000	-0.5013
492.8000	-0.7495
492.9000	-0.9948
493.0000	-1.2361
493.1000	-1.4725
493.2000	-1.7031
493.3000	-1.9270
493.4000	-2.1433
493.5000	-2.3511
493.6000	-2.5497
493.7000	-2.7382
493.8000	-2.9159
493.9000	-3.0821
494.0000	-3.2361
494.1000	-3.3773
494.2000	-3.5052
494.3000	-3.6193
494.4000	-3.7191
494.5000	-3.8042
494.6000	-3.8743
494.7000	-3.9291
494.8000	-3.9685
494.9000	-3.9921
495.0000	-4.0000
495.1000	-3.9921
495.2000	-3.9685
495.3000	-3.9291
495.4000	-3.8743
495.5000	-3.8042
495.6000	-3.7191
495.7000	-3.6193
495.8000	-3.5052
495.9000	-3.3773
496.0000	-3.2361
496.1000	-3.0821
496.2000	-2.9159
496.3000	-2.7382
496.4000	-2.5497
496.5000	-2.3511
496.6000	-2.1433
496.7000	-1.9270
496.8000	-1.7031
496.9000	-1.4725
497.0000	-1.2361
497.1000	-0.9948
497.2000	-0.7495
497.3000	-0.5013
497.4000	-0.2512
497.5000	0.0000
497.6000	0.2512
497.7000	0.5013
497.8000	0.7495
497.9000	0.9948
498.0000	1.2361
498.1000	1.4725
498.2000	1.7031
498.3000	1.9270
498.4000	2.1433
498.5000	2.3511
498.6000	2.5497
498.7000	2.7382
498.8000	2.9159
498.9000	3.0821
499.0000	3.2361
499.1000	3.3773
499.2000	3.5052
499.3000	3.6193
499.4000	3.7191
499.5000	3.8042
499.6000	3.8743
499.7000	3.9291
499.8000	3.9685
499.9000	3.9921
500.0000	4.0000
500.1000	3.9921
500.2000	3.9685
500.3000	3.9291
500.4000	3.8743
500.5000	3.8042
500.6000	3.7191
500.7000	3.6193
500.8000	3.5052
500.9000	3.3773
501.0000	3.2361
501.1000	3.0821
501.2000	2.9159
501.3000	2.7382
501.4000	2.5497
501.5000	2.3511
501.6000	2.1433
501.7000	1.9270
501.8000	1.7031
501.9000	1.4725
502.0000	1.2361
502.1000	0.9948
502.2000	0.7495
502.3000	0.5013
502.4000	0.2512
502.5000	0.0000
502.6000	-0.2512
502.7000	-0.5013
502.8000	-0.7495
502.9000	-0.9948
503.0000	-1.2361
503.1000	-1.4725
503.2000	-1.7031
503.3000	-1.9270
503.4000	-2.1433
503.5000	-2.3511
503.6000	-2.5497
503.7000	-2.7382
503.8000	-2.9159
503.9000	-3.0821
504.0000	-3.2361
504.1000	-3.3773
504.2000	-3.5052
504.3000	-3.6193
504.4000	-3.7191
504.5000	-3.8042
504.6000	-3.8743
504.7000	-3.9291
504.8000	-3.9685
504.9000	-3.9921
505.0000	-4.0000
505.1000	-3.9921
505.2000	-3.9685
505.3000	-3.9291
505.4000	-3.8743
505.5000	-3.8042
505.6000	-3.7191
505.7000	-3.6193
505.8000	-3.5052
505.9000	-3.3773
506.0000	-3.2361
506.1000	-3.0821
506.2000	-2.9159
506.3000	-2.7382
506.4000	-2.5497
506.5000	-2.3511
506.6000	-2.1433
506.7000	-1.9270
506.8000	-1.7031
506.9000	-1.4725
507.0000	-1.2361
507.1000	-0.9948
507.2000	-0.7495
507.3000	-0.5013
507.4000	-0.2512
507.5000	-0.0000
507.6000	0.2512
507.7000	0.5013
507.8000	0.7495
507.9000	0.9948
508.0000	1.2361
508.1000	1.4725
508.2000	1.7031
508.3000	1.9270
508.4000	2.1433
508.5000	2.3511
508.6000	2.5497
508.7000	2.7382
508.8000	2.9159
508.9000	3.0821
509.0000	3.2361
509.1000	3.3773
509.2000	3.5052
509.3000	3.6193
509.4000	3.7191
509.5000	3.8042
509.6000	3.8743
509.7000	3.9291
509.8000	3.9685
509.9000	3.9921
510.0000	4.0000
510.1000	3.9921
510.2000	3.9685
510.3000	3.9291
510.4000	3.8743
510.5000	3.8042
510.6000	3.7191
510.7000	3.6193
510.8000	3.5052
510.9000	3.3773
511.0000	3.2361
511.1000	3.0821
511.2000	2.9159
511.3000	2.7382
511.4000	2.5497
511.5000	2.3511
511.6000	2.1433
511.7000	1.9270
511.8000	1.7031
511.9000	1.4725
512.0000	1.2361
512.1000	0.9948
512.2000	0.7495
512.3000	0.5013
512.4000	0.2512
512.5000	0.0000
512.6000	-0.2512
512.7000	-0.5013
512.8000	-0.7495
512.9000	-0.9948
513.0000	-1.2361
513.1000	-1.4725
513.2000	-1.7031
513.3000	-1.9270
513.4000	-2.1433
513.5000	-2.3511
513.6000	-2.5497
513.7000	-2.7382
513.8000	-2.9159
513.9000	-3.0821
514.0000	-3.2361
514.1000	-3.3773
514.2000	-3.5052
514.3000	-3.6193
514.4000	-3.7191
514.5000	-3.8042
514.6000	-3.8743
514.7000	-3.9291
514.8000	-3.9685
514.9000	-3.9921
515.0000	-4.0000
515.1000	-3.9921
515.2000	-3.9685
515.3000	-3.9291
515.4000	-3.8743
515.5000	-3.8042
515.6000	-3.7191
515.7000	-3.6193
515.8000	-3.5052
515.9000	-3.3773
516.0000	-3.2361
516.1000	-3.0821
516.2000	-2.9159
516.3000	-2.7382
516.4000	-2.5497
516.5000	-2.3511
516.6000	-2.1433
516.7000	-1.9270
516.8000	-1.7031
516.9000	-1.4725
517.0000	-1.2361
517.1000	-0.9948
517.2000	-0.7495
517.3000	-0.5013
517.4000	-0.2512
517.5000	-0.0000
517.6000	0.2512
517.7000	0.5013
517.8000	0.7495
517.9000	0.9948
518.0000	1.2361
518.1000	1.4725
518.2000	1.7031
518.3000	1.9270
518.4000	2.1433
518.5000	2.3511
518.6000	2.5497
518.7000	2.7382
518.8000	2.9159
518.9000	3.0821
519.0000	3.2361
519.1000	3.3773
519.2000	3.5052
519.3000	3.6193
519.4000	3.7191
519.5000	3.8042
519.6000	3.8743
519.7000	3.9291
519.8000	3.9685
519.9000	3.9921
520.0000	4.0000
520.1000	3.9921
520.2000	3.9685
520.3000	3.9291
520.4000	3.8743
520.5000	3.8042
520.6000	3.7191
520.7000	3.6193
520.8000	3.5052
520.9000	3.3773
521.0000	3.2361
521.1000	3.0821
521.2000	2.9159
521.3000	2.7382
521.4000	2.5497
521.5000	2.3511
521.6000	2.1433
521.7000	1.9270
521.8000	1.7031
521.9000	1.4725
522.0000	1.2361
522.1000	0.9948
522.2000	0.7495
522.3000	0.5013
522.4000	0.2512
522.5000	-0.0000
522.6000	-0.2512
522.7000	-0.5013
522.8000	-0.7495
522.9000	-0.9948
523.0000	-1.2361
523.1000	-1.4725
523.2000	-1.7031
523.3000	-1.9270
523.4000	-2.1433
523.5000	-2.3511
523.6000	-2.5497
523.7000	-2.7382
523.8000	-2.9159
523.9000	-3.0821
524.0000	-3.2361
524.1000	-3.3773
524.2000	-3.5052
524.3000	-3.6193
524.4000	-3.7191
524.5000	-3.8042
524.6000	-3.8743
524.7000	-3.9291
524.8000	-3.9685
524.9000	-3.9921
525.0000	-4.0000
525.1000	-3.9921
525.2000	-3.9685
525.3000	-3.9291
525.4000	-3.8743
525.5000	-3.8042
525.6000	-3.7191
525.7000	-3.6193
525.8000	-3.5052
525.9000	-3.3773
526.0000	-3.2361
526.1000	-3.0821
526.2000	-2.9159
526.3000	-2.7382
526.4000	-2.5497
526.5000	-2.3511
526.6000	-2.1433
526.7000	-1.9270
526.8000	-1.7031
526.9000	-1.4725
527.0000	-1.2361
527.1000	-0.9948
527.2000	-0.7495
527.3000	-0.5013
527.4000	-0.2512
527.5000	-0.0000
527.6000	0.2512
527.7000	0.5013
527.8000	0.7495
527.9000	0.9948
528.0000	1.2361
528.1000	1.4725
528.2000	1.7031
528.3000	1.9270
528.4000	2.1433
528.5000	2.3511
528.6000	2.5497
528.7000	2.7382
528.8000	2.9159
528.9000	3.0821
529.0000	3.2361
529.1000	3.3773
529.2000	3.5052
529.3000	3.6193
529.4000	3.7191
529.5000	3.8042
529.6000	3.8743
529.7000	3.9291
529.8000	3.9685
529.9000	3.9921
530.0000	4.0000
530.1000	3.9921
530.2000	3.9685
530.3000	3.9291
530.4000	3.8743
530.5000	3.8042
530.6000	3.7191
530.7000	3.6193
530.8000	3.5052
530.9000	3.3773
531.0000	3.2361
531.1000	3.0821
531.2000	2.9159
531.3000	2.7382
531.4000	2.5497
531.5000	2.3511
531.6000	2.1433
531.7000	1.9270
531.8000	1.7031
531.9000	1.4725
532.0000	1.2361
532.1000	0.9948
532.2000	0.7495
532.3000	0.5013
532.4000	0.2512
532.5000	0.0000
532.6000	-0.2512
532.7000	-0.5013
532.8000	-0.7495
532.9000	-0.9948
533.0000	-1.2361
533.1000	-1.4725
533.2000	-1.7031
533.3000	-1.9270
533.4000	-2.1433
533.5000	-2.3511
533.6000	-2.5497
533.7000	-2.7382
533.8000	-2.9159
533.9000	-3.0821
534.0000	-3.2361
534.1000	-3.3773
534.2000	-3.5052
534.3000	-3.6193
534.4000	-3.7191
534.5000	-3.8042
534.6000	-3.8743
534.7000	-3.9291
534.8000	-3.9685
534.9000	-3.9921
535.0000	-4.0000
535.1000	-3.9921
535.2000	-3.9685
535.3000	-3.9291
535.4000	-3.8743
535.5000	-3.8042
535.6000	-3.7191
535.7000	-3.6193
535.8000	-3.5052
535.9000	-3.3773
536.0000	-3.2361
536.1000	-3.0821
536.2000	-2.9159
536.3000	-2.7382
536.4000	-2.5497
536.5000	-2.3511
536.6000	-2.1433
536.7000	-1.9270
536.8000	-1.7031
536.9000	-1.4725
537.0000	-1.2361
537.1000	-0.9948
537.2000	-0.7495
537.3000	-0.5013
537.4000	-0.2512
537.5000	-0.0000
537.6000	0.2512
537.7000	0.5013
537.8000	0.7495
537.9000	0.9948
538.0000	1.2361
538.1000	1.4725
538.2000	1.7031
538.3000	1.9270
538.4000	2.1433
538.5000	2.3511
538.6000	2.5497
538.7000	2.7382
538.8000	2.9159
538.9000	3.0821
539.0000	3.2361
539.1000	3.3773
539.2000	3.5052
539.3000	3.6193
539.4000	3.7191
539.5000	3.8042
539.6000	3.8743
539.7000	3.9291
539.8000	3.9685
539.9000	3.9921
540.0000	4.0000
540.1000	3.9921
540.2000	3.9685
540.3000	3.9291
540.4000	3.8743
540.5000	3.8042
540.6000	3.7191
540.7000	3.6193
540.8000	3.5052
540.9000	3.3773
541.0000	3.2361
541.1000	3.0821
541.2000	2.9159
541.3000	2.7382
541.4000	2.5497
541.5000	2.3511
541.6000	2.1433
541.7000	1.9270
541.8000	1.7031
541.9000	1.4725
542.0000	1.2361
542.1000	0.9948
542.2000	0.7495
542.3000	0.5013
542.4000	0.2512
542.5000	0.0000
542.6000	-0.2512
542.7000	-0.5013
542.8000	-0.7495
542.9000	-0.9948
543.0000	-1.2361
543.1000	-1.4725
543.2000	-1.7031
543.3000	-1.9270
543.4000	-2.1433
543.5000	-2.3511
543.6000	-2.5497
543.7000	-2.7382
543.8000	-2.9159
543.9000	-3.0821
544.0000	-3.2361
544.1000	-3.3773
544.2000	-3.5052
544.3000	-3.6193
544.4000	-3.7191
544.5000	-3.8042
544.6000	-3.8743
544.7000	-3.9291
544.8000	-3.9685
544.9000	-3.9921
545.0000	-4.0000
545.1000	-3.9921
545.2000	-3.9685
545.3000	-3.9291
545.4000	-3.8743
545.5000	-3.8042
545.6000	-3.7191
545.7000	-3.6193
545.8000	-3.5052
545.9000	-3.3773
546.0000	-3.2361
546.1000	-3.0821
546.2000	-2.9159
546.3000	-2.7382
546.4000	-2.5497
546.5000	-2.3511
546.6000	-2.1433
546.7000	-1.9270
546.8000	-1.7031
546.9000	-1.4725
547.0000	-1.2361
547.1000	-0.9948
547.2000	-0.7495
547.3000	-0.5013
547.4000	-0.2512
547.5000	0.0000
547.6000	0.2512
547.7000	0.5013
547.8000	0.7495
547.9000	0.9948
548.0000	1.2361
548.1000	1.4725
548.2000	1.7031
548.3000	1.9270
548.4000	2.1433
548.5000	2.3511
548.6000	2.5497
548.7000	2.7382
548.8000	2.9159
548.9000	3.0821
549.0000	3.2361
549.1000	3.3773
549.2000	3.5052
549.3000	3.6193
549.4000	3.7191
549.5000	3.8042
549.6000	3.8743
549.7000	3.9291
549.8000	3.9685
549.9000	3.9921
550.0000	4.0000
550.1000	3.9921
550.2000	3.9685
550.3000	3.9291
550.4000	3.8743
550.5000	3.8042
550.6000	3.7191
550.7000	3.6193
550.8000	3.5052
550.9000	3.3773
551.0000	3.2361
551.1000	3.0821
551.2000	2.9159
551.3000	2.7382
551.4000	2.5497
551.5000	2.3511
551.6000	2.1433
551.7000	1.9270
551.8000	1.7031
551.9000	1.4725
552.0000	1.2361
552.1000	0.9948
552.2000	0.7495
552.3000	0.5013
552.4000	0.2512
552.5000	-0.0000
552.6000	-0.2512
552.7000	-0.5013
552.8000	-0.7495
552.9000	-0.9948
553.0000	-1.2361
553.1000	-1.4725
553.2000	-1.7031
553.3000	-1.9270
553.4000	-2.1433
553.5000	-2.3511
553.6000	-2.5497
553.7000	-2.7382
553.8000	-2.9159
553.9000	-3.0821
554.0000	-3.2361
554.1000	-3.3773
554.2000	-3.5052
554.3000	-3.6193
554.4000	-3.7191
554.5000	-3.8042
554.6000	-3.8743
554.7000	-3.9291
554.8000	-3.9685
554.9000	-3.9921
555.0000	-4.0000
555.1000	-3.9921
555.2000	-3.9685
555.3000	-3.9291
555.4000	-3.8743
555.5000	-3.8042
555.6000	-3.7191
555.7000	-3.6193
555.8000	-3.5052
555.9000	-3.3773
556.0000	-3.2361
556.1000	-3.0821
556.2000	-2.9159
556.3000	-2.7382
556.4000	-2.5497
556.5000	-2.3511
556.6000	-2.1433
556.7000	-1.9270
556.8000	-1.7031
556.9000	-1.4725
557.0000	-1.2361
557.1000	-0.9948
557.2000	-0.7495
557.3000	-0.5013
557.4000	-0.2512
557.5000	-0.0000
557.6000	0.2512
557.7000	0.5013
557.8000	0.7495
557.9000	0.9948
558.0000	1.2361
558.1000	1.4725
558.2000	1.7031
558.3000	1.9270
558.4000	2.1433
558.5000	2.3511
558.6000	2.5497
558.7000	2.7382
558.8000	2.9159
558.9000	3.0821
559.0000	3.2361
559.1000	3.3773
559.2000	3.5052
559.3000	3.6193
559.4000	3.7191
559.5000	3.8042
559.6000	3.8743
559.7000	3.9291
559.8000	3.9685
559.9000	3.9921
560.0000	4.0000
560.1000	3.9921
560.2000	3.9685
560.3000	3.9291
560.4000	3.8743
560.5000	3.8042
560.6000	3.7191
560.7000	3.6193
560.8000	3.5052
560.9000	3.3773
561.0000	3.2361
561.1000	3.0821
561.2000	2.9159
561.3000	2.7382
561.4000	2.5497
561.5000	2.3511
561.6000	2.1433
561.7000	1.9270
561.8000	1.7031
561.9000	1.4725
562.0000	1.2361
562.1000	0.9948
562.2000	0.7495
562.3000	0.5013
562.4000	0.2512
562.5000	0.0000
562.6000	-0.2512
562.7000	-0.5013
562.8000	-0.7495
562.9000	-0.9948
563.0000	-1.2361
563.1000	-1.4725
563.2000	-1.7031
563.3000	-1.9270
563.4000	-2.1433
563.5000	-2.3511
563.6000	-2.5497
563.7000	-2.7382
563.8000	-2.9159
563.9000	-3.0821
564.0000	-3.2361
564.1000	-3.3773
564.2000	-3.5052
564.3000	-3.6193
564.4000	-3.7191
564.5000	-3.8042
564.6000	-3.8743
564.7000	-3.9291
564.8000	-3.9685
564.9000	-3.9921
565.0000	-4.0000
565.1000	-3.9921
565.2000	-3.9685
565.3000	-3.9291
565.4000	-3.8743
565.5000	-3.8042
565.6000	-3.7191
565.7000	-3.6193
565.8000	-3.5052
565.9000	-3.3773
566.0000	-3.2361
566.1000	-3.0821
566.2000	-2.9159
566.3000	-2.7382
566.4000	-2.5497
566.5000	-2.3511
566.6000	-2.1433
566.7000	-1.9270
566.8000	-1.7031
566.9000	-1.4725
567.0000	-1.2361
567.1000	-0.9948
567.2000	-0.7495
567.3000	-0.5013
567.4000	-0.2512
567.5000	-0.0000
567.6000	0.2512
567.7000	0.5013
567.8000	0.7495
567.9000	0.9948
568.0000	1.2361
568.1000	1.4725
568.2000	1.7031
568.3000	1.9270
568.4000	2.1433
568.5000	2.3511
568.6000	2.5497
568.7000	2.7382
568.8000	2.9159
568.9000	3.0821
569.0000	3.2361
569.1000	3.3773
569.2000	3.5052
569.3000	3.6193
569.4000	3.7191
569.5000	3.8042
569.6000	3.8743
569.7000	3.9291
569.8000	3.9685
569.9000	3.9921
570.0000	4.0000
570.1000	3.9921
570.2000	3.9685
570.3000	3.9291
570.4000	3.8743
570.5000	3.8042
570.6000	3.7191
570.7000	3.6193
570.8000	3.5052
570.9000	3.3773
571.0000	3.2361
571.1000	3.0821
571.2000	2.9159
571.3000	2.7382
571.4000	2.5497
571.5000	2.3511
571.6000	2.1433
571.7000	1.9270
571.8000	1.7031
571.9000	1.4725
572.0000	1.2361
572.1000	0.9948
572.2000	0.7495
572.3000	0.5013
572.4000	0.2512
572.5000	0.0000
572.6000	-0.2512
572.7000	-0.5013
572.8000	-0.7495
572.9000	-0.9948
573.0000	-1.2361
573.1000	-1.4725
573.2000	-1.7031
573.3000	-1.9270
573.4000	-2.1433
573.5000	-2.3511
573.6000	-2.5497
573.7000	-2.7382
573.8000	-2.9159
573.9000	-3.0821
574.0000	-3.2361
574.1000	-3.3773
574.2000	-3.5052
574.3000	-3.6193
574.4000	-3.7191
574.5000	-3.8042
574.6000	-3.8743
574.7000	-3.9291
574.8000	-3.9685
574.9000	-3.9921
575.0000	-4.0000
575.1000	-3.9921
575.2000	-3.9685
575.3000	-3.9291
575.4000	-3.8743
575.5000	-3.8042
575.6000	-3.7191
575.7000	-3.6193
575.8000	-3.5052
575.9000	-3.3773
576.0000	-3.2361
576.1000	-3.0821
576.2000	-2.9159
576.3000	-2.7382
576.4000	-2.5497
576.5000	-2.3511
576.6000	-2.1433
576.7000	-1.9270
576.8000	-1.7031
576.9000	-1.4725
577.0000	-1.2361
577.1000	-0.9948
577.2000	-0.7495
577.3000	-0.5013
577.4000	-0.2512
577.5000	0.0000
577.6000	0.2512
577.7000	0.5013
577.8000	0.7495
577.9000	0.9948
578.0000	1.2361
578.1000	1.4725
578.2000	1.7031
578.3000	1.9270
578.4000	2.1433
578.5000	2.3511
578.6000	2.5497
578.7000	2.7382
578.8000	2.9159
578.9000	3.0821
579.0000	3.2361
579.1000	3.3773
579.2000	3.5052
579.3000	3.6193
579.4000	3.7191
579.5000	3.8042
579.6000	3.8743
579.7000	3.9291
579.8000	3.9685
579.9000	3.9921
580.0000	4.0000
580.1000	3.9921
580.2000	3.9685
580.3000	3.9291
580.4000	3.8743
580.5000	3.8042
580.6000	3.7191
580.7000	3.6193
580.8000	3.5052
580.9000	3.3773
581.0000	3.2361
581.1000	3.0821
581.2000	2.9159
581.3000	2.7382
581.4000	2.5497
581.5000	2.3511
581.6000	2.1433
581.7000	1.9270
581.8000	1.7031
581.9000	1.4725
582.0000	1.2361
582.1000	0.9948
582.2000	0.7495
582.3000	0.5013
582.4000	0.2512
582.5000	0.0000
582.6000	-0.2512
582.7000	-0.5013
582.8000	-0.7495
582.9000	-0.9948
583.0000	-1.2361
583.1000	-1.4725
583.2000	-1.7031
583.3000	-1.9270
583.4000	-2.1433
583.5000	-2.3511
583.6000	-2.5497
583.7000	-2.7382
583.8000	-2.9159
583.9000	-3.0821
584.0000	-3.2361
584.1000	-3.3773
584.2000	-3.5052
584.3000	-3.6193
584.4000	-3.7191
584.5000	-3.8042
584.6000	-3.8743
584.7000	-3.9291
584.8000	-3.9685
584.9000	-3.9921
585.0000	-4.0000
585.1000	-3.9921
585.2000	-3.9685
585.3000	-3.9291
585.4000	-3.8743
585.5000	-3.8042
585.6000	-3.7191
585.7000	-3.6193
585.8000	-3.5052
585.9000	-3.3773
586.0000	-3.2361
586.1000	-3.0821
586.2000	-2.9159
586.3000	-2.7382
586.4000	-2.5497
586.5000	-2.3511
586.6000	-2.1433
586.7000	-1.9270
586.8000	-1.7031
586.9000	-1.4725
587.0000	-1.2361
587.1000	-0.9948
587.2000	-0.7495
587.3000	-0.5013
587.4000	-0.2512
587.5000	-0.0000
587.6000	0.2512
587.7000	0.5013
587.8000	0.7495
587.9000	0.9948
588.0000	1.2361
588.1000	1.4725
588.2000	1.7031
588.3000	1.9270
588.4000	2.1433
588.5000	2.3511
588.6000	2.5497
588.7000	2.7382
588.8000	2.9159
588.9000	3.0821
589.0000	3.2361
589.1000	3.3773
589.2000	3.5052
589.3000	3.6193
589.4000	3.7191
589.5000	3.8042
589.6000	3.8743
589.7000	3.9291
589.8000	3.9685
589.9000	3.9921
590.0000	4.0000
590.1000	3.9921
590.2000	3.9685
590.3000	3.9291
590.4000	3.8743
590.5000	3.8042
590.6000	3.7191
590.7000	3.6193
590.8000	3.5052
590.9000	3.3773
591.0000	3.2361
591.1000	3.0821
591.2000	2.9159
591.3000	2.7382
591.4000	2.5497
591.5000	2.3511
591.6000	2.1433
591.7000	1.9270
591.8000	1.7031
591.9000	1.4725
592.0000	1.2361
592.1000	0.9948
592.2000	0.7495
592.3000	0.5013
592.4000	0.2512
592.5000	0.0000
592.6000	-0.2512
592.7000	-0.5013
592.8000	-0.7495
592.9000	-0.9948
593.0000	-1.2361
593.1000	-1.4725
593.2000	-1.7031
593.3000	-1.9270
593.4000	-2.1433
593.5000	-2.3511
593.6000	-2.5497
593.7000	-2.7382
593.8000	-2.9159
593.9000	-3.0821
594.0000	-3.2361
594.1000	-3.3773
594.2000	-3.5052
594.3000	-3.6193
594.4000	-3.7191
594.5000	-3.8042
594.6000	-3.8743
594.7000	-3.9291
594.8000	-3.9685
594.9000	-3.9921
595.0000	-4.0000
595.1000	-3.9921
595.2000	-3.9685
595.3000	-3.9291
595.4000	-3.8743
595.5000	-3.8042
595.6000	-3.7191
595.7000	-3.6193
595.8000	-3.5052
595.9000	-3.3773
596.0000	-3.2361
596.1000	-3.0821
596.2000	-2.9159
596.3000	-2.7382
596.4000	-2.5497
596.5000	-2.3511
596.6000	-2.1433
596.7000	-1.9270
596.8000	-1.7031
596.9000	-1.4725
597.0000	-1.2361
597.1000	-0.9948
597.2000	-0.7495
597.3000	-0.5013
597.4000	-0.2512
597.5000	-0.0000
597.6000	0.2512
597.7000	0.5013
597.8000	0.7495
597.9000	0.9948
598.0000	1.2361
598.1000	1.4725
598.2000	1.7031
598.3000	1.9270
598.4000	2.1433
598.5000	2.3511
598.6000	2.5497
598.7000	2.7382
598.8000	2.9159
598.9000	3.0821
599.0000	3.2361
599.1000	3.3773
599.2000	3.5052
599.3000	3.6193
599.4000	3.7191
599.5000	3.8042
599.6000	3.8743
599.7000	3.9291
599.8000	3.9685
599.9000	3.9921
600.0000	4.0000
