Time(s)	Elevation(m)
0.0000	0.8038
0.1000	0.8841
0.2000	0.9583
0.3000	1.0224
0.4000	1.0726
0.5000	1.1059
0.6000	1.1203
0.7000	1.1145
0.8000	1.0884
0.9000	1.0427
1.0000	0.9790
1.1000	0.8996
1.2000	0.8072
1.3000	0.7047
1.4000	0.5951
1.5000	0.4812
1.6000	0.3654
1.7000	0.2494
1.8000	0.1347
1.9000	0.0220
2.0000	-0.0884
2.1000	-0.1965
2.2000	-0.3026
2.3000	-0.4071
2.4000	-0.5100
2.5000	-0.6112
2.6000	-0.7101
2.7000	-0.8056
2.8000	-0.8961
2.9000	-0.9796
3.0000	-1.0534
3.1000	-1.1150
3.2000	-1.1614
3.3000	-1.1901
3.4000	-1.1989
3.5000	-1.1862
3.6000	-1.1512
3.7000	-1.0938
3.8000	-1.0152
3.9000	-0.9175
4.0000	-0.8035
4.1000	-0.6769
4.2000	-0.5423
4.3000	-0.4041
4.4000	-0.2673
4.5000	-0.1365
4.6000	-0.0161
4.7000	0.0903
4.8000	0.1799
4.9000	0.2506
5.0000	0.3014
5.1000	0.3324
5.2000	0.3445
5.3000	0.3394
5.4000	0.3194
5.5000	0.2874
5.6000	0.2464
5.7000	0.1996
5.8000	0.1498
5.9000	0.0999
6.0000	0.0522
6.1000	0.0083
6.2000	-0.0302
6.3000	-0.0627
6.4000	-0.0888
6.5000	-0.1085
6.6000	-0.1221
6.7000	-0.1300
6.8000	-0.1328
6.9000	-0.1309
7.0000	-0.1247
7.1000	-0.1143
7.2000	-0.0999
7.3000	-0.0811
7.4000	-0.0576
7.5000	-0.0288
7.6000	0.0057
7.7000	0.0466
7.8000	0.0943
7.9000	0.1491
8.0000	0.2112
8.1000	0.2804
8.2000	0.3561
8.3000	0.4375
8.4000	0.5234
8.5000	0.6124
8.6000	0.7026
8.7000	0.7920
8.8000	0.8784
8.9000	0.9596
9.0000	1.0330
9.1000	1.0964
9.2000	1.1474
9.3000	1.1840
9.4000	1.2045
9.5000	1.2071
9.6000	1.1909
9.7000	1.1551
9.8000	1.0995
9.9000	1.0246
10.0000	0.9311
10.1000	0.8205
10.2000	0.6948
10.3000	0.5563
10.4000	0.4080
10.5000	0.2531
10.6000	0.0950
10.7000	-0.0628
10.8000	-0.2168
10.9000	-0.3637
11.0000	-0.5004
11.1000	-0.6244
11.2000	-0.7335
11.3000	-0.8263
11.4000	-0.9020
11.5000	-0.9604
11.6000	-1.0018
11.7000	-1.0274
11.8000	-1.0386
11.9000	-1.0371
12.0000	-1.0252
12.1000	-1.0049
12.2000	-0.9784
12.3000	-0.9476
12.4000	-0.9142
12.5000	-0.8797
12.6000	-0.8451
12.7000	-0.8112
12.8000	-0.7785
12.9000	-0.7471
13.0000	-0.7172
13.1000	-0.6888
13.2000	-0.6619
13.3000	-0.6369
13.4000	-0.6140
13.5000	-0.5937
13.6000	-0.5769
13.7000	-0.5644
13.8000	-0.5572
13.9000	-0.5563
14.0000	-0.5624
14.1000	-0.5761
14.2000	-0.5976
14.3000	-0.6264
14.4000	-0.6616
14.5000	-0.7018
14.6000	-0.7449
14.7000	-0.7883
14.8000	-0.8290
14.9000	-0.8637
15.0000	-0.8892
15.1000	-0.9023
15.2000	-0.9000
15.3000	-0.8803
15.4000	-0.8414
15.5000	-0.7825
15.6000	-0.7038
15.7000	-0.6062
15.8000	-0.4914
15.9000	-0.3620
16.0000	-0.2208
16.1000	-0.0712
16.2000	0.0834
16.3000	0.2398
16.4000	0.3951
16.5000	0.5469
16.6000	0.6936
16.7000	0.8342
16.8000	0.9685
16.9000	1.0969
17.0000	1.2205
17.1000	1.3406
17.2000	1.4587
17.3000	1.5762
17.4000	1.6942
17.5000	1.8131
17.6000	1.9329
17.7000	2.0525
17.8000	2.1700
17.9000	2.2826
18.0000	2.3870
18.1000	2.4792
18.2000	2.5547
18.3000	2.6093
18.4000	2.6388
18.5000	2.6396
18.6000	2.6089
18.7000	2.5447
18.8000	2.4465
18.9000	2.3148
19.0000	2.1514
19.1000	1.9590
19.2000	1.7418
19.3000	1.5043
19.4000	1.2516
19.5000	0.9892
19.6000	0.7224
19.7000	0.4560
19.8000	0.1945
19.9000	-0.0585
20.0000	-0.3004
20.1000	-0.5292
20.2000	-0.7442
20.3000	-0.9451
20.4000	-1.1325
20.5000	-1.3073
20.6000	-1.4706
20.7000	-1.6237
20.8000	-1.7674
20.9000	-1.9022
21.0000	-2.0283
21.1000	-2.1451
21.2000	-2.2513
21.3000	-2.3454
21.4000	-2.4252
21.5000	-2.4883
21.6000	-2.5322
21.7000	-2.5547
21.8000	-2.5537
21.9000	-2.5277
22.0000	-2.4761
22.1000	-2.3987
22.2000	-2.2965
22.3000	-2.1712
22.4000	-2.0255
22.5000	-1.8626
22.6000	-1.6863
22.7000	-1.5010
22.8000	-1.3111
22.9000	-1.1210
23.0000	-0.9348
23.1000	-0.7564
23.2000	-0.5890
23.3000	-0.4351
23.4000	-0.2966
23.5000	-0.1745
23.6000	-0.0692
23.7000	0.0197
23.8000	0.0931
23.9000	0.1524
24.0000	0.1995
24.1000	0.2363
24.2000	0.2650
24.3000	0.2878
24.4000	0.3067
24.5000	0.3236
24.6000	0.3401
24.7000	0.3577
24.8000	0.3775
24.9000	0.4004
25.0000	0.4268
25.1000	0.4571
25.2000	0.4915
25.3000	0.5298
25.4000	0.5718
25.5000	0.6170
25.6000	0.6649
25.7000	0.7148
25.8000	0.7660
25.9000	0.8176
26.0000	0.8688
26.1000	0.9187
26.2000	0.9664
26.3000	1.0110
26.4000	1.0515
26.5000	1.0872
26.6000	1.1173
26.7000	1.1411
26.8000	1.1581
26.9000	1.1679
27.0000	1.1700
27.1000	1.1643
27.2000	1.1508
27.3000	1.1293
27.4000	1.1000
27.5000	1.0632
27.6000	1.0190
27.7000	0.9679
27.8000	0.9103
27.9000	0.8468
28.0000	0.7779
28.1000	0.7044
28.2000	0.6273
28.3000	0.5474
28.4000	0.4659
28.5000	0.3841
28.6000	0.3033
28.7000	0.2251
28.8000	0.1508
28.9000	0.0820
29.0000	0.0200
29.1000	-0.0340
29.2000	-0.0789
29.3000	-0.1142
29.4000	-0.1395
29.5000	-0.1552
29.6000	-0.1617
29.7000	-0.1603
29.8000	-0.1525
29.9000	-0.1403
30.0000	-0.1260
30.1000	-0.1119
30.2000	-0.1007
30.3000	-0.0948
30.4000	-0.0964
30.5000	-0.1072
30.6000	-0.1285
30.7000	-0.1610
30.8000	-0.2047
30.9000	-0.2586
31.0000	-0.3215
31.1000	-0.3910
31.2000	-0.4644
31.3000	-0.5387
31.4000	-0.6103
31.5000	-0.6758
31.6000	-0.7317
31.7000	-0.7751
31.8000	-0.8032
31.9000	-0.8143
32.0000	-0.8071
32.1000	-0.7812
32.2000	-0.7371
32.3000	-0.6762
32.4000	-0.6005
32.5000	-0.5129
32.6000	-0.4166
32.7000	-0.3151
32.8000	-0.2122
32.9000	-0.1118
33.0000	-0.0172
33.1000	0.0683
33.2000	0.1420
33.3000	0.2019
33.4000	0.2465
33.5000	0.2752
33.6000	0.2878
33.7000	0.2849
33.8000	0.2676
33.9000	0.2374
34.0000	0.1962
34.1000	0.1459
34.2000	0.0887
34.3000	0.0266
34.4000	-0.0386
34.5000	-0.1052
34.6000	-0.1719
34.7000	-0.2377
34.8000	-0.3020
34.9000	-0.3646
35.0000	-0.4255
35.1000	-0.4849
35.2000	-0.5433
35.3000	-0.6013
35.4000	-0.6594
35.5000	-0.7182
35.6000	-0.7780
35.7000	-0.8390
35.8000	-0.9009
35.9000	-0.9633
36.0000	-1.0253
36.1000	-1.0857
36.2000	-1.1430
36.3000	-1.1953
36.4000	-1.2403
36.5000	-1.2759
36.6000	-1.2995
36.7000	-1.3087
36.8000	-1.3012
36.9000	-1.2750
37.0000	-1.2281
37.1000	-1.1593
37.2000	-1.0678
37.3000	-0.9532
37.4000	-0.8161
37.5000	-0.6575
37.6000	-0.4791
37.7000	-0.2833
37.8000	-0.0729
37.9000	0.1486
38.0000	0.3774
38.1000	0.6097
38.2000	0.8412
38.3000	1.0680
38.4000	1.2863
38.5000	1.4924
38.6000	1.6834
38.7000	1.8566
38.8000	2.0101
38.9000	2.1425
39.0000	2.2531
39.1000	2.3416
39.2000	2.4086
39.3000	2.4546
39.4000	2.4809
39.5000	2.4888
39.6000	2.4796
39.7000	2.4549
39.8000	2.4160
39.9000	2.3640
40.0000	2.2997
40.1000	2.2239
40.2000	2.1370
40.3000	2.0390
40.4000	1.9299
40.5000	1.8095
40.6000	1.6775
40.7000	1.5340
40.8000	1.3787
40.9000	1.2119
41.0000	1.0340
41.1000	0.8458
41.2000	0.6485
41.3000	0.4435
41.4000	0.2327
41.5000	0.0181
41.6000	-0.1979
41.7000	-0.4130
41.8000	-0.6248
41.9000	-0.8308
42.0000	-1.0289
42.1000	-1.2171
42.2000	-1.3938
42.3000	-1.5576
42.4000	-1.7075
42.5000	-1.8432
42.6000	-1.9642
42.7000	-2.0707
42.8000	-2.1630
42.9000	-2.2416
43.0000	-2.3069
43.1000	-2.3595
43.2000	-2.3998
43.3000	-2.4283
43.4000	-2.4449
43.5000	-2.4496
43.6000	-2.4421
43.7000	-2.4219
43.8000	-2.3883
43.9000	-2.3408
44.0000	-2.2784
44.1000	-2.2006
44.2000	-2.1068
44.3000	-1.9969
44.4000	-1.8709
44.5000	-1.7294
44.6000	-1.5731
44.7000	-1.4034
44.8000	-1.2222
44.9000	-1.0315
45.0000	-0.8339
45.1000	-0.6320
45.2000	-0.4286
45.3000	-0.2267
45.4000	-0.0290
45.5000	0.1620
45.6000	0.3440
45.7000	0.5153
45.8000	0.6744
45.9000	0.8206
46.0000	0.9535
46.1000	1.0733
46.2000	1.1805
46.3000	1.2762
46.4000	1.3614
46.5000	1.4377
46.6000	1.5062
46.7000	1.5682
46.8000	1.6249
46.9000	1.6768
47.0000	1.7244
47.1000	1.7677
47.2000	1.8061
47.3000	1.8388
47.4000	1.8647
47.5000	1.8822
47.6000	1.8900
47.7000	1.8863
47.8000	1.8697
47.9000	1.8391
48.0000	1.7934
48.1000	1.7323
48.2000	1.6558
48.3000	1.5645
48.4000	1.4594
48.5000	1.3423
48.6000	1.2151
48.7000	1.0803
48.8000	0.9404
48.9000	0.7981
49.0000	0.6562
49.1000	0.5170
49.2000	0.3828
49.3000	0.2554
49.4000	0.1363
49.5000	0.0263
49.6000	-0.0741
49.7000	-0.1650
49.8000	-0.2469
49.9000	-0.3205
50.0000	-0.3868
50.1000	-0.4471
50.2000	-0.5026
50.3000	-0.5543
50.4000	-0.6033
50.5000	-0.6503
50.6000	-0.6959
50.7000	-0.7404
50.8000	-0.7836
50.9000	-0.8253
51.0000	-0.8651
51.1000	-0.9024
51.2000	-0.9364
51.3000	-0.9667
51.4000	-0.9927
51.5000	-1.0141
51.6000	-1.0305
51.7000	-1.0421
51.8000	-1.0492
51.9000	-1.0522
52.0000	-1.0518
52.1000	-1.0488
52.2000	-1.0441
52.3000	-1.0386
52.4000	-1.0332
52.5000	-1.0286
52.6000	-1.0254
52.7000	-1.0241
52.8000	-1.0248
52.9000	-1.0274
53.0000	-1.0317
53.1000	-1.0371
53.2000	-1.0429
53.3000	-1.0483
53.4000	-1.0523
53.5000	-1.0538
53.6000	-1.0518
53.7000	-1.0454
53.8000	-1.0334
53.9000	-1.0151
54.0000	-0.9896
54.1000	-0.9564
54.2000	-0.9148
54.3000	-0.8645
54.4000	-0.8052
54.5000	-0.7369
54.6000	-0.6596
54.7000	-0.5734
54.8000	-0.4786
54.9000	-0.3757
55.0000	-0.2653
55.1000	-0.1480
55.2000	-0.0248
55.3000	0.1033
55.4000	0.2354
55.5000	0.3701
55.6000	0.5062
55.7000	0.6423
55.8000	0.7771
55.9000	0.9092
56.0000	1.0373
56.1000	1.1601
56.2000	1.2765
56.3000	1.3855
56.4000	1.4863
56.5000	1.5780
56.6000	1.6602
56.7000	1.7324
56.8000	1.7945
56.9000	1.8463
57.0000	1.8878
57.1000	1.9191
57.2000	1.9405
57.3000	1.9521
57.4000	1.9542
57.5000	1.9472
57.6000	1.9314
57.7000	1.9071
57.8000	1.8748
57.9000	1.8347
58.0000	1.7874
58.1000	1.7333
58.2000	1.6728
58.3000	1.6063
58.4000	1.5343
58.5000	1.4571
58.6000	1.3750
58.7000	1.2883
58.8000	1.1972
58.9000	1.1015
59.0000	1.0011
59.1000	0.8959
59.2000	0.7855
59.3000	0.6693
59.4000	0.5471
59.5000	0.4183
59.6000	0.2825
59.7000	0.1396
59.8000	-0.0105
59.9000	-0.1675
60.0000	-0.3307
60.1000	-0.4994
60.2000	-0.6722
60.3000	-0.8475
60.4000	-1.0233
60.5000	-1.1974
60.6000	-1.3675
60.7000	-1.5311
60.8000	-1.6858
60.9000	-1.8294
61.0000	-1.9598
61.1000	-2.0752
61.2000	-2.1745
61.3000	-2.2567
61.4000	-2.3213
61.5000	-2.3685
61.6000	-2.3988
61.7000	-2.4128
61.8000	-2.4118
61.9000	-2.3970
62.0000	-2.3697
62.1000	-2.3312
62.2000	-2.2828
62.3000	-2.2256
62.4000	-2.1603
62.5000	-2.0877
62.6000	-2.0081
62.7000	-1.9217
62.8000	-1.8286
62.9000	-1.7288
63.0000	-1.6224
63.1000	-1.5093
63.2000	-1.3899
63.3000	-1.2647
63.4000	-1.1341
63.5000	-0.9990
63.6000	-0.8606
63.7000	-0.7198
63.8000	-0.5779
63.9000	-0.4361
64.0000	-0.2954
64.1000	-0.1567
64.2000	-0.0205
64.3000	0.1128
64.4000	0.2434
64.5000	0.3718
64.6000	0.4985
64.7000	0.6246
64.8000	0.7512
64.9000	0.8791
65.0000	1.0094
65.1000	1.1427
65.2000	1.2792
65.3000	1.4186
65.4000	1.5602
65.5000	1.7025
65.6000	1.8436
65.7000	1.9810
65.8000	2.1119
65.9000	2.2330
66.0000	2.3411
66.1000	2.4330
66.2000	2.5059
66.3000	2.5570
66.4000	2.5844
66.5000	2.5869
66.6000	2.5637
66.7000	2.5152
66.8000	2.4421
66.9000	2.3461
67.0000	2.2295
67.1000	2.0948
67.2000	1.9451
67.3000	1.7835
67.4000	1.6134
67.5000	1.4376
67.6000	1.2593
67.7000	1.0811
67.8000	0.9052
67.9000	0.7335
68.0000	0.5679
68.1000	0.4095
68.2000	0.2594
68.3000	0.1186
68.4000	-0.0124
68.5000	-0.1329
68.6000	-0.2424
68.7000	-0.3406
68.8000	-0.4271
68.9000	-0.5020
69.0000	-0.5652
69.1000	-0.6171
69.2000	-0.6583
69.3000	-0.6898
69.4000	-0.7129
69.5000	-0.7294
69.6000	-0.7413
69.7000	-0.7510
69.8000	-0.7608
69.9000	-0.7734
70.0000	-0.7912
70.1000	-0.8165
70.2000	-0.8510
70.3000	-0.8960
70.4000	-0.9522
70.5000	-1.0195
70.6000	-1.0973
70.7000	-1.1841
70.8000	-1.2778
70.9000	-1.3758
71.0000	-1.4751
71.1000	-1.5728
71.2000	-1.6656
71.3000	-1.7508
71.4000	-1.8259
71.5000	-1.8889
71.6000	-1.9386
71.7000	-1.9744
71.8000	-1.9963
71.9000	-2.0051
72.0000	-2.0020
72.1000	-1.9886
72.2000	-1.9666
72.3000	-1.9379
72.4000	-1.9039
72.5000	-1.8657
72.6000	-1.8239
72.7000	-1.7786
72.8000	-1.7290
72.9000	-1.6738
73.0000	-1.6111
73.1000	-1.5387
73.2000	-1.4539
73.3000	-1.3542
73.4000	-1.2370
73.5000	-1.1005
73.6000	-0.9431
73.7000	-0.7642
73.8000	-0.5638
73.9000	-0.3432
74.0000	-0.1043
74.1000	0.1500
74.2000	0.4161
74.3000	0.6898
74.4000	0.9665
74.5000	1.2415
74.6000	1.5100
74.7000	1.7677
74.8000	2.0106
74.9000	2.2351
75.0000	2.4386
75.1000	2.6191
75.2000	2.7752
75.3000	2.9065
75.4000	3.0131
75.5000	3.0955
75.6000	3.1548
75.7000	3.1923
75.8000	3.2095
75.9000	3.2079
76.0000	3.1890
76.1000	3.1541
76.2000	3.1046
76.3000	3.0414
76.4000	2.9655
76.5000	2.8777
76.6000	2.7787
76.7000	2.6690
76.8000	2.5492
76.9000	2.4197
77.0000	2.2812
77.1000	2.1341
77.2000	1.9789
77.3000	1.8159
77.4000	1.6457
77.5000	1.4684
77.6000	1.2844
77.7000	1.0939
77.8000	0.8969
77.9000	0.6935
78.0000	0.4839
78.1000	0.2683
78.2000	0.0471
78.3000	-0.1790
78.4000	-0.4091
78.5000	-0.6418
78.6000	-0.8756
78.7000	-1.1083
78.8000	-1.3376
78.9000	-1.5607
79.0000	-1.7748
79.1000	-1.9770
79.2000	-2.1645
79.3000	-2.3347
79.4000	-2.4856
79.5000	-2.6155
79.6000	-2.7236
79.7000	-2.8095
79.8000	-2.8739
79.9000	-2.9180
80.0000	-2.9436
80.1000	-2.9533
80.2000	-2.9499
80.3000	-2.9361
80.4000	-2.9151
80.5000	-2.8893
80.6000	-2.8611
80.7000	-2.8320
80.8000	-2.8028
80.9000	-2.7736
81.0000	-2.7438
81.1000	-2.7118
81.2000	-2.6756
81.3000	-2.6325
81.4000	-2.5798
81.5000	-2.5146
81.6000	-2.4341
81.7000	-2.3360
81.8000	-2.2184
81.9000	-2.0804
82.0000	-1.9217
82.1000	-1.7428
82.2000	-1.5452
82.3000	-1.3310
82.4000	-1.1029
82.5000	-0.8643
82.6000	-0.6186
82.7000	-0.3694
82.8000	-0.1204
82.9000	0.1252
83.0000	0.3645
83.1000	0.5950
83.2000	0.8149
83.3000	1.0227
83.4000	1.2177
83.5000	1.3992
83.6000	1.5672
83.7000	1.7217
83.8000	1.8630
83.9000	1.9914
84.0000	2.1070
84.1000	2.2101
84.2000	2.3005
84.3000	2.3784
84.4000	2.4436
84.5000	2.4962
84.6000	2.5362
84.7000	2.5640
84.8000	2.5801
84.9000	2.5854
85.0000	2.5810
85.1000	2.5684
85.2000	2.5494
85.3000	2.5258
85.4000	2.4994
85.5000	2.4720
85.6000	2.4451
85.7000	2.4196
85.8000	2.3960
85.9000	2.3740
86.0000	2.3525
86.1000	2.3299
86.2000	2.3036
86.3000	2.2705
86.4000	2.2272
86.5000	2.1700
86.6000	2.0950
86.7000	1.9988
86.8000	1.8785
86.9000	1.7318
87.0000	1.5573
87.1000	1.3551
87.2000	1.1260
87.3000	0.8722
87.4000	0.5971
87.5000	0.3051
87.6000	0.0015
87.7000	-0.3080
87.8000	-0.6171
87.9000	-0.9193
88.0000	-1.2086
88.1000	-1.4792
88.2000	-1.7261
88.3000	-1.9449
88.4000	-2.1325
88.5000	-2.2866
88.6000	-2.4058
88.7000	-2.4900
88.8000	-2.5397
88.9000	-2.5564
89.0000	-2.5419
89.1000	-2.4986
89.2000	-2.4294
89.3000	-2.3370
89.4000	-2.2242
89.5000	-2.0940
89.6000	-1.9491
89.7000	-1.7921
89.8000	-1.6255
89.9000	-1.4518
90.0000	-1.2733
90.1000	-1.0924
90.2000	-0.9116
90.3000	-0.7335
90.4000	-0.5605
90.5000	-0.3954
90.6000	-0.2408
90.7000	-0.0993
90.8000	0.0267
90.9000	0.1350
91.0000	0.2238
91.1000	0.2917
91.2000	0.3380
91.3000	0.3625
91.4000	0.3656
91.5000	0.3485
91.6000	0.3130
91.7000	0.2613
91.8000	0.1962
91.9000	0.1208
92.0000	0.0384
92.1000	-0.0478
92.2000	-0.1345
92.3000	-0.2187
92.4000	-0.2977
92.5000	-0.3695
92.6000	-0.4322
92.7000	-0.4844
92.8000	-0.5255
92.9000	-0.5550
93.0000	-0.5729
93.1000	-0.5794
93.2000	-0.5750
93.3000	-0.5602
93.4000	-0.5357
93.5000	-0.5020
93.6000	-0.4597
93.7000	-0.4093
93.8000	-0.3514
93.9000	-0.2865
94.0000	-0.2151
94.1000	-0.1381
94.2000	-0.0562
94.3000	0.0294
94.4000	0.1172
94.5000	0.2056
94.6000	0.2925
94.7000	0.3759
94.8000	0.4534
94.9000	0.5225
95.0000	0.5808
95.1000	0.6263
95.2000	0.6570
95.3000	0.6715
95.4000	0.6689
95.5000	0.6489
95.6000	0.6120
95.7000	0.5593
95.8000	0.4924
95.9000	0.4138
96.0000	0.3264
96.1000	0.2333
96.2000	0.1379
96.3000	0.0437
96.4000	-0.0459
96.5000	-0.1279
96.6000	-0.1998
96.7000	-0.2594
96.8000	-0.3052
96.9000	-0.3365
97.0000	-0.3529
97.1000	-0.3549
97.2000	-0.3433
97.3000	-0.3193
97.4000	-0.2846
97.5000	-0.2409
97.6000	-0.1897
97.7000	-0.1327
97.8000	-0.0712
97.9000	-0.0065
98.0000	0.0607
98.1000	0.1298
98.2000	0.2007
98.3000	0.2732
98.4000	0.3474
98.5000	0.4235
98.6000	0.5015
98.7000	0.5813
98.8000	0.6625
98.9000	0.7443
99.0000	0.8259
99.1000	0.9056
99.2000	0.9819
99.3000	1.0528
99.4000	1.1161
99.5000	1.1697
99.6000	1.2114
99.7000	1.2394
99.8000	1.2522
99.9000	1.2487
100.0000	1.2284
100.1000	1.1913
100.2000	1.1381
100.3000	1.0702
100.4000	0.9894
100.5000	0.8979
100.6000	0.7984
100.7000	0.6937
100.8000	0.5868
100.9000	0.4803
101.0000	0.3768
101.1000	0.2785
101.2000	0.1872
101.3000	0.1039
101.4000	0.0295
101.5000	-0.0360
101.6000	-0.0929
101.7000	-0.1419
101.8000	-0.1840
101.9000	-0.2205
102.0000	-0.2525
102.1000	-0.2813
102.2000	-0.3080
102.3000	-0.3333
102.4000	-0.3578
102.5000	-0.3817
102.6000	-0.4050
102.7000	-0.4274
102.8000	-0.4484
102.9000	-0.4674
103.0000	-0.4839
103.1000	-0.4974
103.2000	-0.5079
103.3000	-0.5152
103.4000	-0.5197
103.5000	-0.5222
103.6000	-0.5237
103.7000	-0.5255
103.8000	-0.5291
103.9000	-0.5361
104.0000	-0.5480
104.1000	-0.5662
104.2000	-0.5918
104.3000	-0.6255
104.4000	-0.6674
104.5000	-0.7170
104.6000	-0.7734
104.7000	-0.8350
104.8000	-0.8995
104.9000	-0.9643
105.0000	-1.0266
105.1000	-1.0832
105.2000	-1.1311
105.3000	-1.1674
105.4000	-1.1895
105.5000	-1.1955
105.6000	-1.1840
105.7000	-1.1543
105.8000	-1.1065
105.9000	-1.0415
106.0000	-0.9610
106.1000	-0.8671
106.2000	-0.7627
106.3000	-0.6509
106.4000	-0.5350
106.5000	-0.4185
106.6000	-0.3047
106.7000	-0.1967
106.8000	-0.0970
106.9000	-0.0078
107.0000	0.0692
107.1000	0.1330
107.2000	0.1832
107.3000	0.2196
107.4000	0.2430
107.5000	0.2541
107.6000	0.2542
107.7000	0.2447
107.8000	0.2272
107.9000	0.2033
108.0000	0.1746
108.1000	0.1428
108.2000	0.1094
108.3000	0.0759
108.4000	0.0439
108.5000	0.0148
108.6000	-0.0099
108.7000	-0.0287
108.8000	-0.0400
108.9000	-0.0424
109.0000	-0.0343
109.1000	-0.0143
109.2000	0.0188
109.3000	0.0661
109.4000	0.1284
109.5000	0.2059
109.6000	0.2985
109.7000	0.4054
109.8000	0.5252
109.9000	0.6560
110.0000	0.7949
110.1000	0.9388
110.2000	1.0839
110.3000	1.2259
110.4000	1.3605
110.5000	1.4832
110.6000	1.5897
110.7000	1.6761
110.8000	1.7389
110.9000	1.7754
111.0000	1.7838
111.1000	1.7632
111.2000	1.7137
111.3000	1.6365
111.4000	1.5338
111.5000	1.4087
111.6000	1.2651
111.7000	1.1073
111.8000	0.9404
111.9000	0.7692
112.0000	0.5990
112.1000	0.4342
112.2000	0.2792
112.3000	0.1376
112.4000	0.0122
112.5000	-0.0952
112.6000	-0.1837
112.7000	-0.2531
112.8000	-0.3045
112.9000	-0.3395
113.0000	-0.3606
113.1000	-0.3705
113.2000	-0.3728
113.3000	-0.3707
113.4000	-0.3678
113.5000	-0.3673
113.6000	-0.3720
113.7000	-0.3845
113.8000	-0.4064
113.9000	-0.4390
114.0000	-0.4827
114.1000	-0.5371
114.2000	-0.6015
114.3000	-0.6742
114.4000	-0.7531
114.5000	-0.8358
114.6000	-0.9195
114.7000	-1.0014
114.8000	-1.0784
114.9000	-1.1479
115.0000	-1.2073
115.1000	-1.2543
115.2000	-1.2872
115.3000	-1.3048
115.4000	-1.3062
115.5000	-1.2914
115.6000	-1.2605
115.7000	-1.2145
115.8000	-1.1546
115.9000	-1.0825
116.0000	-1.0000
116.1000	-0.9092
116.2000	-0.8124
116.3000	-0.7116
116.4000	-0.6089
116.5000	-0.5061
116.6000	-0.4048
116.7000	-0.3065
116.8000	-0.2119
116.9000	-0.1219
117.0000	-0.0367
117.1000	0.0436
117.2000	0.1190
117.3000	0.1900
117.4000	0.2569
117.5000	0.3202
117.6000	0.3801
117.7000	0.4371
117.8000	0.4911
117.9000	0.5421
118.0000	0.5898
118.1000	0.6336
118.2000	0.6730
118.3000	0.7070
118.4000	0.7348
118.5000	0.7555
118.6000	0.7683
118.7000	0.7723
118.8000	0.7672
118.9000	0.7528
119.0000	0.7293
119.1000	0.6971
119.2000	0.6571
119.3000	0.6107
119.4000	0.5593
119.5000	0.5047
119.6000	0.4491
119.7000	0.3944
119.8000	0.3427
119.9000	0.2959
120.0000	0.2556
120.1000	0.2232
120.2000	0.1995
120.3000	0.1849
120.4000	0.1793
120.5000	0.1822
120.6000	0.1924
120.7000	0.2083
120.8000	0.2282
120.9000	0.2499
121.0000	0.2712
121.1000	0.2897
121.2000	0.3034
121.3000	0.3105
121.4000	0.3093
121.5000	0.2988
121.6000	0.2784
121.7000	0.2481
121.8000	0.2083
121.9000	0.1601
122.0000	0.1048
122.1000	0.0442
122.2000	-0.0196
122.3000	-0.0846
122.4000	-0.1485
122.5000	-0.2093
122.6000	-0.2654
122.7000	-0.3151
122.8000	-0.3576
122.9000	-0.3922
123.0000	-0.4189
123.1000	-0.4380
123.2000	-0.4505
123.3000	-0.4574
123.4000	-0.4601
123.5000	-0.4603
123.6000	-0.4596
123.7000	-0.4594
123.8000	-0.4610
123.9000	-0.4655
124.0000	-0.4736
124.1000	-0.4854
124.2000	-0.5006
124.3000	-0.5187
124.4000	-0.5386
124.5000	-0.5589
124.6000	-0.5781
124.7000	-0.5945
124.8000	-0.6064
124.9000	-0.6122
125.0000	-0.6107
125.1000	-0.6007
125.2000	-0.5818
125.3000	-0.5538
125.4000	-0.5170
125.5000	-0.4721
125.6000	-0.4203
125.7000	-0.3632
125.8000	-0.3022
125.9000	-0.2394
126.0000	-0.1764
126.1000	-0.1150
126.2000	-0.0566
126.3000	-0.0024
126.4000	0.0470
126.5000	0.0910
126.6000	0.1298
126.7000	0.1639
126.8000	0.1940
126.9000	0.2212
127.0000	0.2467
127.1000	0.2716
127.2000	0.2973
127.3000	0.3246
127.4000	0.3543
127.5000	0.3869
127.6000	0.4223
127.7000	0.4603
127.8000	0.5000
127.9000	0.5403
128.0000	0.5801
128.1000	0.6177
128.2000	0.6516
128.3000	0.6803
128.4000	0.7024
128.5000	0.7169
128.6000	0.7229
128.7000	0.7202
128.8000	0.7086
128.9000	0.6887
129.0000	0.6611
129.1000	0.6270
129.2000	0.5878
129.3000	0.5447
129.4000	0.4994
129.5000	0.4533
129.6000	0.4075
129.7000	0.3631
129.8000	0.3209
129.9000	0.2813
130.0000	0.2443
130.1000	0.2100
130.2000	0.1778
130.3000	0.1472
130.4000	0.1178
130.5000	0.0888
130.6000	0.0598
130.7000	0.0305
130.8000	0.0009
130.9000	-0.0288
131.0000	-0.0583
131.1000	-0.0867
131.2000	-0.1131
131.3000	-0.1366
131.4000	-0.1560
131.5000	-0.1703
131.6000	-0.1786
131.7000	-0.1804
131.8000	-0.1753
131.9000	-0.1636
132.0000	-0.1456
132.1000	-0.1224
132.2000	-0.0953
132.3000	-0.0660
132.4000	-0.0364
132.5000	-0.0085
132.6000	0.0157
132.7000	0.0342
132.8000	0.0453
132.9000	0.0479
133.0000	0.0410
133.1000	0.0243
133.2000	-0.0020
133.3000	-0.0373
133.4000	-0.0802
133.5000	-0.1294
133.6000	-0.1828
133.7000	-0.2384
133.8000	-0.2941
133.9000	-0.3477
134.0000	-0.3975
134.1000	-0.4419
134.2000	-0.4798
134.3000	-0.5103
134.4000	-0.5332
134.5000	-0.5486
134.6000	-0.5573
134.7000	-0.5599
134.8000	-0.5577
134.9000	-0.5520
135.0000	-0.5440
135.1000	-0.5350
135.2000	-0.5261
135.3000	-0.5180
135.4000	-0.5112
135.5000	-0.5061
135.6000	-0.5023
135.7000	-0.4996
135.8000	-0.4972
135.9000	-0.4945
136.0000	-0.4903
136.1000	-0.4840
136.2000	-0.4747
136.3000	-0.4619
136.4000	-0.4451
136.5000	-0.4243
136.6000	-0.3997
136.7000	-0.3719
136.8000	-0.3414
136.9000	-0.3094
137.0000	-0.2767
137.1000	-0.2444
137.2000	-0.2136
137.3000	-0.1850
137.4000	-0.1592
137.5000	-0.1365
137.6000	-0.1168
137.7000	-0.0997
137.8000	-0.0843
137.9000	-0.0695
138.0000	-0.0540
138.1000	-0.0361
138.2000	-0.0143
138.3000	0.0131
138.4000	0.0476
138.5000	0.0904
138.6000	0.1423
138.7000	0.2039
138.8000	0.2751
138.9000	0.3556
139.0000	0.4443
139.1000	0.5399
139.2000	0.6404
139.3000	0.7436
139.4000	0.8472
139.5000	0.9485
139.6000	1.0448
139.7000	1.1336
139.8000	1.2123
139.9000	1.2788
140.0000	1.3311
140.1000	1.3676
140.2000	1.3871
140.3000	1.3890
140.4000	1.3728
140.5000	1.3385
140.6000	1.2865
140.7000	1.2176
140.8000	1.1327
140.9000	1.0330
141.0000	0.9199
141.1000	0.7951
141.2000	0.6602
141.3000	0.5169
141.4000	0.3672
141.5000	0.2130
141.6000	0.0563
141.7000	-0.1008
141.8000	-0.2562
141.9000	-0.4078
142.0000	-0.5534
142.1000	-0.6907
142.2000	-0.8178
142.3000	-0.9325
142.4000	-1.0329
142.5000	-1.1173
142.6000	-1.1843
142.7000	-1.2326
142.8000	-1.2614
142.9000	-1.2705
143.0000	-1.2600
143.1000	-1.2303
143.2000	-1.1827
143.3000	-1.1186
143.4000	-1.0401
143.5000	-0.9495
143.6000	-0.8496
143.7000	-0.7432
143.8000	-0.6334
143.9000	-0.5230
144.0000	-0.4150
144.1000	-0.3120
144.2000	-0.2161
144.3000	-0.1292
144.4000	-0.0527
144.5000	0.0129
144.6000	0.0672
144.7000	0.1107
144.8000	0.1443
144.9000	0.1694
145.0000	0.1876
145.1000	0.2009
145.2000	0.2114
145.3000	0.2212
145.4000	0.2324
145.5000	0.2467
145.6000	0.2657
145.7000	0.2902
145.8000	0.3211
145.9000	0.3584
146.0000	0.4017
146.1000	0.4503
146.2000	0.5029
146.3000	0.5580
146.4000	0.6138
146.5000	0.6684
146.6000	0.7198
146.7000	0.7661
146.8000	0.8055
146.9000	0.8367
147.0000	0.8583
147.1000	0.8696
147.2000	0.8700
147.3000	0.8595
147.4000	0.8383
147.5000	0.8069
147.6000	0.7661
147.7000	0.7168
147.8000	0.6602
147.9000	0.5972
148.0000	0.5291
148.1000	0.4567
148.2000	0.3809
148.3000	0.3024
148.4000	0.2219
148.5000	0.1396
148.6000	0.0559
148.7000	-0.0291
148.8000	-0.1152
148.9000	-0.2022
149.0000	-0.2900
149.1000	-0.3782
149.2000	-0.4665
149.3000	-0.5541
149.4000	-0.6404
149.5000	-0.7244
149.6000	-0.8051
149.7000	-0.8810
149.8000	-0.9512
149.9000	-1.0141
150.0000	-1.0686
150.1000	-1.1135
150.2000	-1.1478
150.3000	-1.1709
150.4000	-1.1821
150.5000	-1.1813
150.6000	-1.1685
150.7000	-1.1442
150.8000	-1.1089
150.9000	-1.0637
151.0000	-1.0097
151.1000	-0.9481
151.2000	-0.8805
151.3000	-0.8082
151.4000	-0.7327
151.5000	-0.6555
151.6000	-0.5778
151.7000	-0.5009
151.8000	-0.4259
151.9000	-0.3535
152.0000	-0.2845
152.1000	-0.2194
152.2000	-0.1587
152.3000	-0.1025
152.4000	-0.0511
152.5000	-0.0045
152.6000	0.0373
152.7000	0.0744
152.8000	0.1067
152.9000	0.1345
153.0000	0.1576
153.1000	0.1763
153.2000	0.1905
153.3000	0.2003
153.4000	0.2058
153.5000	0.2069
153.6000	0.2037
153.7000	0.1964
153.8000	0.1851
153.9000	0.1699
154.0000	0.1511
154.1000	0.1292
154.2000	0.1044
154.3000	0.0774
154.4000	0.0489
154.5000	0.0196
154.6000	-0.0094
154.7000	-0.0371
154.8000	-0.0622
154.9000	-0.0834
155.0000	-0.0993
155.1000	-0.1082
155.2000	-0.1087
155.3000	-0.0992
155.4000	-0.0783
155.5000	-0.0447
155.6000	0.0026
155.7000	0.0643
155.8000	0.1410
155.9000	0.2326
156.0000	0.3386
156.1000	0.4582
156.2000	0.5899
156.3000	0.7318
156.4000	0.8817
156.5000	1.0370
156.6000	1.1948
156.7000	1.3519
156.8000	1.5052
156.9000	1.6517
157.0000	1.7884
157.1000	1.9126
157.2000	2.0220
157.3000	2.1146
157.4000	2.1891
157.5000	2.2443
157.6000	2.2798
157.7000	2.2952
157.8000	2.2909
157.9000	2.2671
158.0000	2.2244
158.1000	2.1635
158.2000	2.0850
158.3000	1.9893
158.4000	1.8770
158.5000	1.7483
158.6000	1.6033
158.7000	1.4419
158.8000	1.2643
158.9000	1.0705
159.0000	0.8607
159.1000	0.6355
159.2000	0.3958
159.3000	0.1431
159.4000	-0.1206
159.5000	-0.3928
159.6000	-0.6702
159.7000	-0.9490
159.8000	-1.2251
159.9000	-1.4940
160.0000	-1.7509
160.1000	-1.9913
160.2000	-2.2107
160.3000	-2.4053
160.4000	-2.5717
160.5000	-2.7076
160.6000	-2.8114
160.7000	-2.8825
160.8000	-2.9216
160.9000	-2.9301
161.0000	-2.9103
161.1000	-2.8653
161.2000	-2.7988
161.3000	-2.7147
161.4000	-2.6169
161.5000	-2.5094
161.6000	-2.3956
161.7000	-2.2784
161.8000	-2.1600
161.9000	-2.0419
162.0000	-1.9248
162.1000	-1.8086
162.2000	-1.6926
162.3000	-1.5756
162.4000	-1.4562
162.5000	-1.3326
162.6000	-1.2035
162.7000	-1.0677
162.8000	-0.9244
162.9000	-0.7736
163.0000	-0.6160
163.1000	-0.4527
163.2000	-0.2860
163.3000	-0.1183
163.4000	0.0472
163.5000	0.2074
163.6000	0.3586
163.7000	0.4979
163.8000	0.6223
163.9000	0.7295
164.0000	0.8179
164.1000	0.8867
164.2000	0.9361
164.3000	0.9668
164.4000	0.9806
164.5000	0.9798
164.6000	0.9672
164.7000	0.9461
164.8000	0.9197
164.9000	0.8912
165.0000	0.8637
165.1000	0.8396
165.2000	0.8209
165.3000	0.8091
165.4000	0.8048
165.5000	0.8083
165.6000	0.8190
165.7000	0.8360
165.8000	0.8582
165.9000	0.8839
166.0000	0.9116
166.1000	0.9398
166.2000	0.9672
166.3000	0.9926
166.4000	1.0152
166.5000	1.0346
166.6000	1.0505
166.7000	1.0630
166.8000	1.0724
166.9000	1.0792
167.0000	1.0837
167.1000	1.0864
167.2000	1.0876
167.3000	1.0874
167.4000	1.0859
167.5000	1.0829
167.6000	1.0780
167.7000	1.0706
167.8000	1.0602
167.9000	1.0463
168.0000	1.0281
168.1000	1.0053
168.2000	0.9775
168.3000	0.9445
168.4000	0.9063
168.5000	0.8631
168.6000	0.8151
168.7000	0.7627
168.8000	0.7064
168.9000	0.6465
169.0000	0.5833
169.1000	0.5169
169.2000	0.4473
169.3000	0.3745
169.4000	0.2982
169.5000	0.2180
169.6000	0.1336
169.7000	0.0447
169.8000	-0.0490
169.9000	-0.1472
170.0000	-0.2497
170.1000	-0.3555
170.2000	-0.4636
170.3000	-0.5722
170.4000	-0.6794
170.5000	-0.7828
170.6000	-0.8799
170.7000	-0.9678
170.8000	-1.0442
170.9000	-1.1064
171.0000	-1.1527
171.1000	-1.1813
171.2000	-1.1916
171.3000	-1.1834
171.4000	-1.1573
171.5000	-1.1148
171.6000	-1.0579
171.7000	-0.9895
171.8000	-0.9128
171.9000	-0.8312
172.0000	-0.7484
172.1000	-0.6678
172.2000	-0.5925
172.3000	-0.5252
172.4000	-0.4681
172.5000	-0.4222
172.6000	-0.3882
172.7000	-0.3657
172.8000	-0.3537
172.9000	-0.3505
173.0000	-0.3537
173.1000	-0.3610
173.2000	-0.3696
173.3000	-0.3768
173.4000	-0.3803
173.5000	-0.3781
173.6000	-0.3686
173.7000	-0.3511
173.8000	-0.3254
173.9000	-0.2920
174.0000	-0.2521
174.1000	-0.2074
174.2000	-0.1600
174.3000	-0.1123
174.4000	-0.0668
174.5000	-0.0260
174.6000	0.0078
174.7000	0.0329
174.8000	0.0477
174.9000	0.0515
175.0000	0.0438
175.1000	0.0250
175.2000	-0.0040
175.3000	-0.0417
175.4000	-0.0864
175.5000	-0.1359
175.6000	-0.1877
175.7000	-0.2394
175.8000	-0.2886
175.9000	-0.3330
176.0000	-0.3703
176.1000	-0.3990
176.2000	-0.4176
176.3000	-0.4251
176.4000	-0.4210
176.5000	-0.4051
176.6000	-0.3779
176.7000	-0.3400
176.8000	-0.2925
176.9000	-0.2366
177.0000	-0.1741
177.1000	-0.1065
177.2000	-0.0359
177.3000	0.0359
177.4000	0.1070
177.5000	0.1756
177.6000	0.2401
177.7000	0.2991
177.8000	0.3512
177.9000	0.3957
178.0000	0.4320
178.1000	0.4597
178.2000	0.4791
178.3000	0.4904
178.4000	0.4944
178.5000	0.4922
178.6000	0.4848
178.7000	0.4736
178.8000	0.4600
178.9000	0.4453
179.0000	0.4307
179.1000	0.4175
179.2000	0.4062
179.3000	0.3976
179.4000	0.3918
179.5000	0.3887
179.6000	0.3878
179.7000	0.3883
179.8000	0.3894
179.9000	0.3899
180.0000	0.3887
180.1000	0.3845
180.2000	0.3766
180.3000	0.3641
180.4000	0.3465
180.5000	0.3238
180.6000	0.2963
180.7000	0.2646
180.8000	0.2299
180.9000	0.1934
181.0000	0.1568
181.1000	0.1217
181.2000	0.0898
181.3000	0.0628
181.4000	0.0420
181.5000	0.0284
181.6000	0.0226
181.7000	0.0248
181.8000	0.0347
181.9000	0.0513
182.0000	0.0735
182.1000	0.0997
182.2000	0.1280
182.3000	0.1563
182.4000	0.1828
182.5000	0.2054
182.6000	0.2227
182.7000	0.2333
182.8000	0.2365
182.9000	0.2321
183.0000	0.2204
183.1000	0.2020
183.2000	0.1783
183.3000	0.1510
183.4000	0.1219
183.5000	0.0930
183.6000	0.0666
183.7000	0.0444
183.8000	0.0283
183.9000	0.0194
184.0000	0.0186
184.1000	0.0264
184.2000	0.0425
184.3000	0.0662
184.4000	0.0965
184.5000	0.1317
184.6000	0.1701
184.7000	0.2098
184.8000	0.2487
184.9000	0.2848
185.0000	0.3166
185.1000	0.3424
185.2000	0.3614
185.3000	0.3728
185.4000	0.3765
185.5000	0.3725
185.6000	0.3616
185.7000	0.3444
185.8000	0.3222
185.9000	0.2961
186.0000	0.2674
186.1000	0.2370
186.2000	0.2061
186.3000	0.1752
186.4000	0.1447
186.5000	0.1147
186.6000	0.0848
186.7000	0.0544
186.8000	0.0223
186.9000	-0.0124
187.0000	-0.0512
187.1000	-0.0955
187.2000	-0.1466
187.3000	-0.2057
187.4000	-0.2739
187.5000	-0.3518
187.6000	-0.4398
187.7000	-0.5376
187.8000	-0.6447
187.9000	-0.7600
188.0000	-0.8822
188.1000	-1.0091
188.2000	-1.1387
188.3000	-1.2683
188.4000	-1.3951
188.5000	-1.5164
188.6000	-1.6290
188.7000	-1.7302
188.8000	-1.8174
188.9000	-1.8879
189.0000	-1.9398
189.1000	-1.9713
189.2000	-1.9811
189.3000	-1.9686
189.4000	-1.9335
189.5000	-1.8762
189.6000	-1.7975
189.7000	-1.6989
189.8000	-1.5823
189.9000	-1.4500
190.0000	-1.3046
190.1000	-1.1491
190.2000	-0.9864
190.3000	-0.8197
190.4000	-0.6520
190.5000	-0.4860
190.6000	-0.3244
190.7000	-0.1691
190.8000	-0.0217
190.9000	0.1165
191.0000	0.2453
191.1000	0.3646
191.2000	0.4751
191.3000	0.5780
191.4000	0.6749
191.5000	0.7677
191.6000	0.8584
191.7000	0.9493
191.8000	1.0423
191.9000	1.1391
192.0000	1.2411
192.1000	1.3490
192.2000	1.4630
192.3000	1.5826
192.4000	1.7065
192.5000	1.8327
192.6000	1.9586
192.7000	2.0810
192.8000	2.1965
192.9000	2.3013
193.0000	2.3915
193.1000	2.4633
193.2000	2.5136
193.3000	2.5394
193.4000	2.5386
193.5000	2.5098
193.6000	2.4526
193.7000	2.3674
193.8000	2.2557
193.9000	2.1197
194.0000	1.9623
194.1000	1.7874
194.2000	1.5988
194.3000	1.4010
194.4000	1.1985
194.5000	0.9953
194.6000	0.7956
194.7000	0.6027
194.8000	0.4196
194.9000	0.2482
195.0000	0.0901
195.1000	-0.0541
195.2000	-0.1844
195.3000	-0.3017
195.4000	-0.4071
195.5000	-0.5021
195.6000	-0.5888
195.7000	-0.6690
195.8000	-0.7447
195.9000	-0.8176
196.0000	-0.8892
196.1000	-0.9604
196.2000	-1.0321
196.3000	-1.1043
196.4000	-1.1768
196.5000	-1.2491
196.6000	-1.3201
196.7000	-1.3886
196.8000	-1.4533
196.9000	-1.5126
197.0000	-1.5651
197.1000	-1.6096
197.2000	-1.6449
197.3000	-1.6701
197.4000	-1.6846
197.5000	-1.6882
197.6000	-1.6808
197.7000	-1.6629
197.8000	-1.6349
197.9000	-1.5977
198.0000	-1.5523
198.1000	-1.4997
198.2000	-1.4409
198.3000	-1.3772
198.4000	-1.3096
198.5000	-1.2390
198.6000	-1.1663
198.7000	-1.0921
198.8000	-1.0169
198.9000	-0.9411
199.0000	-0.8650
199.1000	-0.7884
199.2000	-0.7115
199.3000	-0.6341
199.4000	-0.5560
199.5000	-0.4770
199.6000	-0.3971
199.7000	-0.3162
199.8000	-0.2344
199.9000	-0.1518
200.0000	-0.0689
200.1000	0.0139
200.2000	0.0958
200.3000	0.1760
200.4000	0.2535
200.5000	0.3272
200.6000	0.3962
200.7000	0.4594
200.8000	0.5158
200.9000	0.5648
201.0000	0.6060
201.1000	0.6390
201.2000	0.6643
201.3000	0.6824
201.4000	0.6944
201.5000	0.7017
201.6000	0.7062
201.7000	0.7098
201.8000	0.7149
201.9000	0.7236
202.0000	0.7383
202.1000	0.7608
202.2000	0.7926
202.3000	0.8349
202.4000	0.8879
202.5000	0.9514
202.6000	1.0242
202.7000	1.1044
202.8000	1.1894
202.9000	1.2759
203.0000	1.3601
203.1000	1.4381
203.2000	1.5055
203.3000	1.5584
203.4000	1.5929
203.5000	1.6060
203.6000	1.5953
203.7000	1.5592
203.8000	1.4973
203.9000	1.4103
204.0000	1.2997
204.1000	1.1684
204.2000	1.0196
204.3000	0.8578
204.4000	0.6873
204.5000	0.5130
204.6000	0.3397
204.7000	0.1717
204.8000	0.0128
204.9000	-0.1339
205.0000	-0.2660
205.1000	-0.3823
205.2000	-0.4824
205.3000	-0.5669
205.4000	-0.6371
205.5000	-0.6949
205.6000	-0.7428
205.7000	-0.7834
205.8000	-0.8192
205.9000	-0.8527
206.0000	-0.8860
206.1000	-0.9206
206.2000	-0.9574
206.3000	-0.9968
206.4000	-1.0383
206.5000	-1.0812
206.6000	-1.1241
206.7000	-1.1654
206.8000	-1.2034
206.9000	-1.2363
207.0000	-1.2625
207.1000	-1.2810
207.2000	-1.2909
207.3000	-1.2917
207.4000	-1.2838
207.5000	-1.2675
207.6000	-1.2438
207.7000	-1.2137
207.8000	-1.1786
207.9000	-1.1395
208.0000	-1.0974
208.1000	-1.0529
208.2000	-1.0063
208.3000	-0.9573
208.4000	-0.9053
208.5000	-0.8492
208.6000	-0.7875
208.7000	-0.7189
208.8000	-0.6417
208.9000	-0.5545
209.0000	-0.4562
209.1000	-0.3463
209.2000	-0.2248
209.3000	-0.0926
209.4000	0.0489
209.5000	0.1974
209.6000	0.3501
209.7000	0.5034
209.8000	0.6538
209.9000	0.7975
210.0000	0.9306
210.1000	1.0500
210.2000	1.1528
210.3000	1.2372
210.4000	1.3022
210.5000	1.3475
210.6000	1.3742
210.7000	1.3842
210.8000	1.3800
210.9000	1.3650
211.0000	1.3429
211.1000	1.3174
211.2000	1.2922
211.3000	1.2705
211.4000	1.2549
211.5000	1.2471
211.6000	1.2479
211.7000	1.2570
211.8000	1.2730
211.9000	1.2936
212.0000	1.3156
212.1000	1.3353
212.2000	1.3485
212.3000	1.3510
212.4000	1.3386
212.5000	1.3076
212.6000	1.2550
212.7000	1.1789
212.8000	1.0779
212.9000	0.9523
213.0000	0.8030
213.1000	0.6321
213.2000	0.4429
213.3000	0.2391
213.4000	0.0250
213.5000	-0.1946
213.6000	-0.4150
213.7000	-0.6316
213.8000	-0.8402
213.9000	-1.0371
214.0000	-1.2194
214.1000	-1.3847
214.2000	-1.5317
214.3000	-1.6595
214.4000	-1.7682
214.5000	-1.8581
214.6000	-1.9303
214.7000	-1.9860
214.8000	-2.0264
214.9000	-2.0527
215.0000	-2.0661
215.1000	-2.0674
215.2000	-2.0572
215.3000	-2.0355
215.4000	-2.0022
215.5000	-1.9568
215.6000	-1.8986
215.7000	-1.8269
215.8000	-1.7409
215.9000	-1.6398
216.0000	-1.5232
216.1000	-1.3911
216.2000	-1.2436
216.3000	-1.0817
216.4000	-0.9064
216.5000	-0.7195
216.6000	-0.5231
216.7000	-0.3198
216.8000	-0.1123
216.9000	0.0964
217.0000	0.3032
217.1000	0.5052
217.2000	0.6995
217.3000	0.8836
217.4000	1.0550
217.5000	1.2121
217.6000	1.3533
217.7000	1.4776
217.8000	1.5845
217.9000	1.6737
218.0000	1.7455
218.1000	1.8004
218.2000	1.8391
218.3000	1.8625
218.4000	1.8716
218.5000	1.8674
218.6000	1.8510
218.7000	1.8232
218.8000	1.7850
218.9000	1.7369
219.0000	1.6795
219.1000	1.6133
219.2000	1.5384
219.3000	1.4551
219.4000	1.3633
219.5000	1.2632
219.6000	1.1548
219.7000	1.0381
219.8000	0.9132
219.9000	0.7805
220.0000	0.6404
220.1000	0.4935
220.2000	0.3406
220.3000	0.1828
220.4000	0.0215
220.5000	-0.1419
220.6000	-0.3054
220.7000	-0.4672
220.8000	-0.6249
220.9000	-0.7764
221.0000	-0.9193
221.1000	-1.0514
221.2000	-1.1702
221.3000	-1.2739
221.4000	-1.3606
221.5000	-1.4288
221.6000	-1.4776
221.7000	-1.5063
221.8000	-1.5148
221.9000	-1.5036
222.0000	-1.4738
222.1000	-1.4268
222.2000	-1.3645
222.3000	-1.2894
222.4000	-1.2040
222.5000	-1.1113
222.6000	-1.0141
222.7000	-0.9153
222.8000	-0.8176
222.9000	-0.7234
223.0000	-0.6347
223.1000	-0.5532
223.2000	-0.4798
223.3000	-0.4150
223.4000	-0.3590
223.5000	-0.3111
223.6000	-0.2705
223.7000	-0.2359
223.8000	-0.2059
223.9000	-0.1789
224.0000	-0.1531
224.1000	-0.1271
224.2000	-0.0996
224.3000	-0.0695
224.4000	-0.0360
224.5000	0.0013
224.6000	0.0424
224.7000	0.0873
224.8000	0.1353
224.9000	0.1858
225.0000	0.2380
225.1000	0.2911
225.2000	0.3442
225.3000	0.3968
225.4000	0.4482
225.5000	0.4982
225.6000	0.5464
225.7000	0.5930
225.8000	0.6380
225.9000	0.6817
226.0000	0.7243
226.1000	0.7659
226.2000	0.8066
226.3000	0.8464
226.4000	0.8848
226.5000	0.9212
226.6000	0.9549
226.7000	0.9849
226.8000	1.0099
226.9000	1.0287
227.0000	1.0399
227.1000	1.0424
227.2000	1.0351
227.3000	1.0171
227.4000	0.9880
227.5000	0.9475
227.6000	0.8960
227.7000	0.8339
227.8000	0.7622
227.9000	0.6821
228.0000	0.5948
228.1000	0.5020
228.2000	0.4050
228.3000	0.3054
228.4000	0.2045
228.5000	0.1034
228.6000	0.0029
228.7000	-0.0963
228.8000	-0.1937
228.9000	-0.2891
229.0000	-0.3822
229.1000	-0.4729
229.2000	-0.5610
229.3000	-0.6461
229.4000	-0.7276
229.5000	-0.8048
229.6000	-0.8766
229.7000	-0.9417
229.8000	-0.9988
229.9000	-1.0461
230.0000	-1.0821
230.1000	-1.1054
230.2000	-1.1147
230.3000	-1.1091
230.4000	-1.0883
230.5000	-1.0522
230.6000	-1.0015
230.7000	-0.9375
230.8000	-0.8619
230.9000	-0.7768
231.0000	-0.6848
231.1000	-0.5885
231.2000	-0.4907
231.3000	-0.3939
231.4000	-0.3003
231.5000	-0.2118
231.6000	-0.1297
231.7000	-0.0545
231.8000	0.0134
231.9000	0.0746
232.0000	0.1298
232.1000	0.1803
232.2000	0.2273
232.3000	0.2722
232.4000	0.3161
232.5000	0.3595
232.6000	0.4030
232.7000	0.4460
232.8000	0.4878
232.9000	0.5268
233.0000	0.5612
233.1000	0.5887
233.2000	0.6069
233.3000	0.6135
233.4000	0.6063
233.5000	0.5837
233.6000	0.5449
233.7000	0.4898
233.8000	0.4190
233.9000	0.3343
234.0000	0.2383
234.1000	0.1344
234.2000	0.0266
234.3000	-0.0809
234.4000	-0.1836
234.5000	-0.2770
234.6000	-0.3573
234.7000	-0.4211
234.8000	-0.4659
234.9000	-0.4902
235.0000	-0.4935
235.1000	-0.4763
235.2000	-0.4401
235.3000	-0.3872
235.4000	-0.3205
235.5000	-0.2435
235.6000	-0.1597
235.7000	-0.0728
235.8000	0.0139
235.9000	0.0975
236.0000	0.1754
236.1000	0.2459
236.2000	0.3076
236.3000	0.3598
236.4000	0.4024
236.5000	0.4352
236.6000	0.4587
236.7000	0.4732
236.8000	0.4789
236.9000	0.4760
237.0000	0.4643
237.1000	0.4435
237.2000	0.4130
237.3000	0.3722
237.4000	0.3204
237.5000	0.2572
237.6000	0.1823
237.7000	0.0960
237.8000	-0.0008
237.9000	-0.1066
238.0000	-0.2193
238.1000	-0.3358
238.2000	-0.4529
238.3000	-0.5667
238.4000	-0.6730
238.5000	-0.7677
238.6000	-0.8470
238.7000	-0.9076
238.8000	-0.9467
238.9000	-0.9628
239.0000	-0.9550
239.1000	-0.9237
239.2000	-0.8703
239.3000	-0.7972
239.4000	-0.7076
239.5000	-0.6052
239.6000	-0.4941
239.7000	-0.3782
239.8000	-0.2615
239.9000	-0.1473
240.0000	-0.0382
240.1000	0.0641
240.2000	0.1585
240.3000	0.2451
240.4000	0.3247
240.5000	0.3988
240.6000	0.4693
240.7000	0.5383
240.8000	0.6078
240.9000	0.6796
241.0000	0.7548
241.1000	0.8339
241.2000	0.9167
241.3000	1.0020
241.4000	1.0879
241.5000	1.1718
241.6000	1.2505
241.7000	1.3206
241.8000	1.3787
241.9000	1.4217
242.0000	1.4466
242.1000	1.4515
242.2000	1.4349
242.3000	1.3965
242.4000	1.3367
242.5000	1.2567
242.6000	1.1587
242.7000	1.0450
242.8000	0.9187
242.9000	0.7826
243.0000	0.6397
243.1000	0.4925
243.2000	0.3432
243.3000	0.1933
243.4000	0.0440
243.5000	-0.1043
243.6000	-0.2516
243.7000	-0.3981
243.8000	-0.5443
243.9000	-0.6905
244.0000	-0.8368
244.1000	-0.9832
244.2000	-1.1287
244.3000	-1.2722
244.4000	-1.4118
244.5000	-1.5451
244.6000	-1.6693
244.7000	-1.7814
244.8000	-1.8784
244.9000	-1.9575
245.0000	-2.0161
245.1000	-2.0526
245.2000	-2.0657
245.3000	-2.0553
245.4000	-2.0221
245.5000	-1.9678
245.6000	-1.8945
245.7000	-1.8052
245.8000	-1.7033
245.9000	-1.5921
246.0000	-1.4750
246.1000	-1.3548
246.2000	-1.2340
246.3000	-1.1142
246.4000	-0.9960
246.5000	-0.8794
246.6000	-0.7634
246.7000	-0.6465
246.8000	-0.5265
246.9000	-0.4008
247.0000	-0.2671
247.1000	-0.1230
247.2000	0.0331
247.3000	0.2023
247.4000	0.3850
247.5000	0.5803
247.6000	0.7865
247.7000	1.0011
247.8000	1.2205
247.9000	1.4408
248.0000	1.6574
248.1000	1.8657
248.2000	2.0611
248.3000	2.2396
248.4000	2.3973
248.5000	2.5314
248.6000	2.6396
248.7000	2.7207
248.8000	2.7742
248.9000	2.8004
249.0000	2.8003
249.1000	2.7752
249.2000	2.7270
249.3000	2.6576
249.4000	2.5688
249.5000	2.4624
249.6000	2.3398
249.7000	2.2025
249.8000	2.0512
249.9000	1.8868
250.0000	1.7097
250.1000	1.5204
250.2000	1.3195
250.3000	1.1076
250.4000	0.8859
250.5000	0.6555
250.6000	0.4182
250.7000	0.1763
250.8000	-0.0676
250.9000	-0.3108
251.0000	-0.5499
251.1000	-0.7817
251.2000	-1.0031
251.3000	-1.2111
251.4000	-1.4029
251.5000	-1.5763
251.6000	-1.7297
251.7000	-1.8620
251.8000	-1.9728
251.9000	-2.0622
252.0000	-2.1311
252.1000	-2.1806
252.2000	-2.2124
252.3000	-2.2285
252.4000	-2.2308
252.5000	-2.2215
252.6000	-2.2026
252.7000	-2.1759
252.8000	-2.1431
252.9000	-2.1056
253.0000	-2.0643
253.1000	-2.0201
253.2000	-1.9734
253.3000	-1.9246
253.4000	-1.8735
253.5000	-1.8201
253.6000	-1.7642
253.7000	-1.7052
253.8000	-1.6430
253.9000	-1.5769
254.0000	-1.5066
254.1000	-1.4318
254.2000	-1.3520
254.3000	-1.2671
254.4000	-1.1769
254.5000	-1.0814
254.6000	-0.9808
254.7000	-0.8756
254.8000	-0.7662
254.9000	-0.6537
255.0000	-0.5391
255.1000	-0.4236
255.2000	-0.3089
255.3000	-0.1964
255.4000	-0.0878
255.5000	0.0153
255.6000	0.1115
255.7000	0.1996
255.8000	0.2790
255.9000	0.3495
256.0000	0.4112
256.1000	0.4653
256.2000	0.5132
256.3000	0.5571
256.4000	0.5995
256.5000	0.6432
256.6000	0.6915
256.7000	0.7472
256.8000	0.8132
256.9000	0.8918
257.0000	0.9844
257.1000	1.0920
257.2000	1.2142
257.3000	1.3498
257.4000	1.4966
257.5000	1.6511
257.6000	1.8094
257.7000	1.9667
257.8000	2.1179
257.9000	2.2576
258.0000	2.3809
258.1000	2.4832
258.2000	2.5605
258.3000	2.6099
258.4000	2.6297
258.5000	2.6193
258.6000	2.5792
258.7000	2.5114
258.8000	2.4186
258.9000	2.3046
259.0000	2.1736
259.1000	2.0305
259.2000	1.8799
259.3000	1.7265
259.4000	1.5745
259.5000	1.4276
259.6000	1.2886
259.7000	1.1598
259.8000	1.0423
259.9000	0.9368
260.0000	0.8430
260.1000	0.7602
260.2000	0.6871
260.3000	0.6223
260.4000	0.5641
260.5000	0.5108
260.6000	0.4608
260.7000	0.4126
260.8000	0.3648
260.9000	0.3160
261.0000	0.2653
261.1000	0.2115
261.2000	0.1536
261.3000	0.0905
261.4000	0.0209
261.5000	-0.0562
261.6000	-0.1421
261.7000	-0.2379
261.8000	-0.3448
261.9000	-0.4634
262.0000	-0.5941
262.1000	-0.7369
262.2000	-0.8911
262.3000	-1.0551
262.4000	-1.2269
262.5000	-1.4036
262.6000	-1.5816
262.7000	-1.7571
262.8000	-1.9257
262.9000	-2.0829
263.0000	-2.2245
263.1000	-2.3467
263.2000	-2.4462
263.3000	-2.5207
263.4000	-2.5690
263.5000	-2.5911
263.6000	-2.5881
263.7000	-2.5623
263.8000	-2.5169
263.9000	-2.4561
264.0000	-2.3846
264.1000	-2.3073
264.2000	-2.2290
264.3000	-2.1541
264.4000	-2.0865
264.5000	-2.0288
264.6000	-1.9827
264.7000	-1.9487
264.8000	-1.9261
264.9000	-1.9129
265.0000	-1.9064
265.1000	-1.9029
265.2000	-1.8984
265.3000	-1.8887
265.4000	-1.8700
265.5000	-1.8385
265.6000	-1.7914
265.7000	-1.7269
265.8000	-1.6438
265.9000	-1.5423
266.0000	-1.4234
266.1000	-1.2888
266.2000	-1.1411
266.3000	-0.9831
266.4000	-0.8181
266.5000	-0.6490
266.6000	-0.4786
266.7000	-0.3092
266.8000	-0.1424
266.9000	0.0208
267.0000	0.1800
267.1000	0.3353
267.2000	0.4876
267.3000	0.6379
267.4000	0.7871
267.5000	0.9365
267.6000	1.0866
267.7000	1.2378
267.8000	1.3899
267.9000	1.5420
268.0000	1.6929
268.1000	1.8406
268.2000	1.9829
268.3000	2.1174
268.4000	2.2416
268.5000	2.3531
268.6000	2.4502
268.7000	2.5315
268.8000	2.5961
268.9000	2.6443
269.0000	2.6766
269.1000	2.6945
269.2000	2.6999
269.3000	2.6951
269.4000	2.6827
269.5000	2.6651
269.6000	2.6446
269.7000	2.6229
269.8000	2.6012
269.9000	2.5803
270.0000	2.5598
270.1000	2.5390
270.2000	2.5164
270.3000	2.4901
270.4000	2.4579
270.5000	2.4176
270.6000	2.3671
270.7000	2.3045
270.8000	2.2285
270.9000	2.1386
271.0000	2.0347
271.1000	1.9177
271.2000	1.7890
271.3000	1.6506
271.4000	1.5050
271.5000	1.3549
271.6000	1.2030
271.7000	1.0516
271.8000	0.9029
271.9000	0.7585
272.0000	0.6193
272.1000	0.4853
272.2000	0.3560
272.3000	0.2303
272.4000	0.1063
272.5000	-0.0179
272.6000	-0.1446
272.7000	-0.2761
272.8000	-0.4142
272.9000	-0.5606
273.0000	-0.7161
273.1000	-0.8810
273.2000	-1.0546
273.3000	-1.2357
273.4000	-1.4223
273.5000	-1.6118
273.6000	-1.8010
273.7000	-1.9869
273.8000	-2.1659
273.9000	-2.3347
274.0000	-2.4906
274.1000	-2.6309
274.2000	-2.7537
274.3000	-2.8576
274.4000	-2.9420
274.5000	-3.0069
274.6000	-3.0525
274.7000	-3.0800
274.8000	-3.0905
274.9000	-3.0855
275.0000	-3.0666
275.1000	-3.0351
275.2000	-2.9924
275.3000	-2.9396
275.4000	-2.8776
275.5000	-2.8070
275.6000	-2.7282
275.7000	-2.6413
275.8000	-2.5464
275.9000	-2.4436
276.0000	-2.3329
276.1000	-2.2145
276.2000	-2.0888
276.3000	-1.9563
276.4000	-1.8179
276.5000	-1.6744
276.6000	-1.5272
276.7000	-1.3776
276.8000	-1.2269
276.9000	-1.0765
277.0000	-0.9277
277.1000	-0.7818
277.2000	-0.6395
277.3000	-0.5017
277.4000	-0.3687
277.5000	-0.2407
277.6000	-0.1176
277.7000	0.0009
277.8000	0.1153
277.9000	0.2263
278.0000	0.3344
278.1000	0.4403
278.2000	0.5445
278.3000	0.6475
278.4000	0.7495
278.5000	0.8508
278.6000	0.9513
278.7000	1.0507
278.8000	1.1487
278.9000	1.2450
279.0000	1.3389
279.1000	1.4301
279.2000	1.5179
279.3000	1.6020
279.4000	1.6819
279.5000	1.7572
279.6000	1.8278
279.7000	1.8934
279.8000	1.9541
279.9000	2.0097
280.0000	2.0605
280.1000	2.1065
280.2000	2.1480
280.3000	2.1850
280.4000	2.2179
280.5000	2.2469
280.6000	2.2723
280.7000	2.2943
280.8000	2.3131
280.9000	2.3290
281.0000	2.3421
281.1000	2.3525
281.2000	2.3603
281.3000	2.3653
281.4000	2.3672
281.5000	2.3658
281.6000	2.3603
281.7000	2.3501
281.8000	2.3341
281.9000	2.3113
282.0000	2.2803
282.1000	2.2398
282.2000	2.1884
282.3000	2.1247
282.4000	2.0474
282.5000	1.9555
282.6000	1.8481
282.7000	1.7245
282.8000	1.5847
282.9000	1.4289
283.0000	1.2576
283.1000	1.0718
283.2000	0.8730
283.3000	0.6628
283.4000	0.4431
283.5000	0.2161
283.6000	-0.0162
283.7000	-0.2515
283.8000	-0.4877
283.9000	-0.7229
284.0000	-0.9553
284.1000	-1.1834
284.2000	-1.4060
284.3000	-1.6219
284.4000	-1.8302
284.5000	-2.0301
284.6000	-2.2210
284.7000	-2.4022
284.8000	-2.5728
284.9000	-2.7321
285.0000	-2.8792
285.1000	-3.0129
285.2000	-3.1321
285.3000	-3.2356
285.4000	-3.3220
285.5000	-3.3901
285.6000	-3.4389
285.7000	-3.4676
285.8000	-3.4754
285.9000	-3.4623
286.0000	-3.4286
286.1000	-3.3748
286.2000	-3.3022
286.3000	-3.2121
286.4000	-3.1065
286.5000	-2.9873
286.6000	-2.8568
286.7000	-2.7170
286.8000	-2.5698
286.9000	-2.4170
287.0000	-2.2599
287.1000	-2.0992
287.2000	-1.9353
287.3000	-1.7680
287.4000	-1.5966
287.5000	-1.4201
287.6000	-1.2372
287.7000	-1.0465
287.8000	-0.8464
287.9000	-0.6358
288.0000	-0.4138
288.1000	-0.1802
288.2000	0.0647
288.3000	0.3200
288.4000	0.5838
288.5000	0.8534
288.6000	1.1257
288.7000	1.3968
288.8000	1.6624
288.9000	1.9180
289.0000	2.1590
289.1000	2.3809
289.2000	2.5796
289.3000	2.7518
289.4000	2.8947
289.5000	3.0062
289.6000	3.0856
289.7000	3.1327
289.8000	3.1485
289.9000	3.1348
290.0000	3.0942
290.1000	3.0297
290.2000	2.9450
290.3000	2.8438
290.4000	2.7300
290.5000	2.6073
290.6000	2.4790
290.7000	2.3480
290.8000	2.2166
290.9000	2.0866
291.0000	1.9590
291.1000	1.8341
291.2000	1.7118
291.3000	1.5914
291.4000	1.4717
291.5000	1.3515
291.6000	1.2291
291.7000	1.1032
291.8000	0.9724
291.9000	0.8356
292.0000	0.6920
292.1000	0.5415
292.2000	0.3841
292.3000	0.2206
292.4000	0.0521
292.5000	-0.1197
292.6000	-0.2929
292.7000	-0.4652
292.8000	-0.6340
292.9000	-0.7967
293.0000	-0.9507
293.1000	-1.0936
293.2000	-1.2230
293.3000	-1.3369
293.4000	-1.4338
293.5000	-1.5125
293.6000	-1.5722
293.7000	-1.6129
293.8000	-1.6348
293.9000	-1.6385
294.0000	-1.6253
294.1000	-1.5966
294.2000	-1.5541
294.3000	-1.4998
294.4000	-1.4355
294.5000	-1.3632
294.6000	-1.2848
294.7000	-1.2020
294.8000	-1.1161
294.9000	-1.0284
295.0000	-0.9398
295.1000	-0.8508
295.2000	-0.7618
295.3000	-0.6730
295.4000	-0.5843
295.5000	-0.4957
295.6000	-0.4071
295.7000	-0.3186
295.8000	-0.2304
295.9000	-0.1430
296.0000	-0.0571
296.1000	0.0261
296.2000	0.1054
296.3000	0.1790
296.4000	0.2451
296.5000	0.3016
296.6000	0.3466
296.7000	0.3781
296.8000	0.3943
296.9000	0.3940
297.0000	0.3761
297.1000	0.3403
297.2000	0.2869
297.3000	0.2166
297.4000	0.1311
297.5000	0.0326
297.6000	-0.0764
297.7000	-0.1925
297.8000	-0.3124
297.9000	-0.4325
298.0000	-0.5490
298.1000	-0.6584
298.2000	-0.7577
298.3000	-0.8440
298.4000	-0.9150
298.5000	-0.9692
298.6000	-1.0056
298.7000	-1.0237
298.8000	-1.0238
298.9000	-1.0067
299.0000	-0.9735
299.1000	-0.9256
299.2000	-0.8647
299.3000	-0.7925
299.4000	-0.7107
299.5000	-0.6207
299.6000	-0.5238
299.7000	-0.4211
299.8000	-0.3133
299.9000	-0.2008
300.0000	-0.0842
300.1000	0.0364
300.2000	0.1609
300.3000	0.2888
300.4000	0.4199
300.5000	0.5533
300.6000	0.6880
300.7000	0.8227
300.8000	0.9556
300.9000	1.0846
301.0000	1.2074
301.1000	1.3214
301.2000	1.4238
301.3000	1.5122
301.4000	1.5840
301.5000	1.6371
301.6000	1.6698
301.7000	1.6809
301.8000	1.6700
301.9000	1.6373
302.0000	1.5835
302.1000	1.5104
302.2000	1.4201
302.3000	1.3152
302.4000	1.1991
302.5000	1.0750
302.6000	0.9465
302.7000	0.8171
302.8000	0.6902
302.9000	0.5687
303.0000	0.4551
303.1000	0.3515
303.2000	0.2592
303.3000	0.1790
303.4000	0.1110
303.5000	0.0547
303.6000	0.0090
303.7000	-0.0274
303.8000	-0.0565
303.9000	-0.0802
304.0000	-0.1008
304.1000	-0.1204
304.2000	-0.1412
304.3000	-0.1649
304.4000	-0.1931
304.5000	-0.2270
304.6000	-0.2674
304.7000	-0.3146
304.8000	-0.3686
304.9000	-0.4289
305.0000	-0.4947
305.1000	-0.5649
305.2000	-0.6380
305.3000	-0.7124
305.4000	-0.7865
305.5000	-0.8584
305.6000	-0.9265
305.7000	-0.9890
305.8000	-1.0445
305.9000	-1.0915
306.0000	-1.1290
306.1000	-1.1561
306.2000	-1.1721
306.3000	-1.1766
306.4000	-1.1695
306.5000	-1.1510
306.6000	-1.1212
306.7000	-1.0807
306.8000	-1.0302
306.9000	-0.9705
307.0000	-0.9026
307.1000	-0.8275
307.2000	-0.7464
307.3000	-0.6605
307.4000	-0.5711
307.5000	-0.4794
307.6000	-0.3868
307.7000	-0.2946
307.8000	-0.2041
307.9000	-0.1167
308.0000	-0.0336
308.1000	0.0441
308.2000	0.1153
308.3000	0.1791
308.4000	0.2349
308.5000	0.2820
308.6000	0.3204
308.7000	0.3500
308.8000	0.3711
308.9000	0.3846
309.0000	0.3912
309.1000	0.3922
309.2000	0.3890
309.3000	0.3833
309.4000	0.3766
309.5000	0.3707
309.6000	0.3673
309.7000	0.3677
309.8000	0.3731
309.9000	0.3844
310.0000	0.4021
310.1000	0.4261
310.2000	0.4562
310.3000	0.4915
310.4000	0.5307
310.5000	0.5723
310.6000	0.6146
310.7000	0.6557
310.8000	0.6936
310.9000	0.7265
311.0000	0.7527
311.1000	0.7709
311.2000	0.7801
311.3000	0.7796
311.4000	0.7693
311.5000	0.7495
311.6000	0.7206
311.7000	0.6835
311.8000	0.6394
311.9000	0.5893
312.0000	0.5345
312.1000	0.4761
312.2000	0.4149
312.3000	0.3518
312.4000	0.2870
312.5000	0.2210
312.6000	0.1536
312.7000	0.0847
312.8000	0.0142
312.9000	-0.0582
313.0000	-0.1322
313.1000	-0.2077
313.2000	-0.2840
313.3000	-0.3601
313.4000	-0.4344
313.5000	-0.5051
313.6000	-0.5698
313.7000	-0.6261
313.8000	-0.6714
313.9000	-0.7030
314.0000	-0.7186
314.1000	-0.7163
314.2000	-0.6947
314.3000	-0.6534
314.4000	-0.5925
314.5000	-0.5133
314.6000	-0.4180
314.7000	-0.3093
314.8000	-0.1912
314.9000	-0.0679
315.0000	0.0559
315.1000	0.1756
315.2000	0.2864
315.3000	0.3842
315.4000	0.4653
315.5000	0.5269
315.6000	0.5673
315.7000	0.5856
315.8000	0.5821
315.9000	0.5579
316.0000	0.5152
316.1000	0.4565
316.2000	0.3851
316.3000	0.3045
316.4000	0.2178
316.5000	0.1284
316.6000	0.0388
316.7000	-0.0490
316.8000	-0.1334
316.9000	-0.2139
317.0000	-0.2905
317.1000	-0.3638
317.2000	-0.4350
317.3000	-0.5052
317.4000	-0.5761
317.5000	-0.6489
317.6000	-0.7245
317.7000	-0.8034
317.8000	-0.8856
317.9000	-0.9703
318.0000	-1.0561
318.1000	-1.1410
318.2000	-1.2225
318.3000	-1.2979
318.4000	-1.3641
318.5000	-1.4182
318.6000	-1.4577
318.7000	-1.4801
318.8000	-1.4840
318.9000	-1.4684
319.0000	-1.4329
319.1000	-1.3781
319.2000	-1.3052
319.3000	-1.2159
319.4000	-1.1124
319.5000	-0.9971
319.6000	-0.8726
319.7000	-0.7414
319.8000	-0.6056
319.9000	-0.4674
320.0000	-0.3280
320.1000	-0.1888
320.2000	-0.0504
320.3000	0.0870
320.4000	0.2232
320.5000	0.3582
320.6000	0.4922
320.7000	0.6251
320.8000	0.7567
320.9000	0.8863
321.0000	1.0131
321.1000	1.1359
321.2000	1.2530
321.3000	1.3628
321.4000	1.4633
321.5000	1.5529
321.6000	1.6298
321.7000	1.6928
321.8000	1.7411
321.9000	1.7746
322.0000	1.7938
322.1000	1.7995
322.2000	1.7936
322.3000	1.7783
322.4000	1.7561
322.5000	1.7297
322.6000	1.7019
322.7000	1.6752
322.8000	1.6519
322.9000	1.6336
323.0000	1.6212
323.1000	1.6149
323.2000	1.6140
323.3000	1.6170
323.4000	1.6220
323.5000	1.6262
323.6000	1.6265
323.7000	1.6195
323.8000	1.6020
323.9000	1.5708
324.0000	1.5232
324.1000	1.4569
324.2000	1.3703
324.3000	1.2626
324.4000	1.1336
324.5000	0.9842
324.6000	0.8155
324.7000	0.6296
324.8000	0.4290
324.9000	0.2164
325.0000	-0.0050
325.1000	-0.2320
325.2000	-0.4613
325.3000	-0.6897
325.4000	-0.9140
325.5000	-1.1313
325.6000	-1.3389
325.7000	-1.5341
325.8000	-1.7146
325.9000	-1.8783
326.0000	-2.0231
326.1000	-2.1474
326.2000	-2.2496
326.3000	-2.3286
326.4000	-2.3836
326.5000	-2.4141
326.6000	-2.4203
326.7000	-2.4027
326.8000	-2.3627
326.9000	-2.3019
327.0000	-2.2229
327.1000	-2.1287
327.2000	-2.0227
327.3000	-1.9090
327.4000	-1.7915
327.5000	-1.6747
327.6000	-1.5627
327.7000	-1.4592
327.8000	-1.3676
327.9000	-1.2908
328.0000	-1.2306
328.1000	-1.1881
328.2000	-1.1633
328.3000	-1.1555
328.4000	-1.1628
328.5000	-1.1828
328.6000	-1.2121
328.7000	-1.2472
328.8000	-1.2838
328.9000	-1.3180
329.0000	-1.3456
329.1000	-1.3629
329.2000	-1.3666
329.3000	-1.3539
329.4000	-1.3228
329.5000	-1.2717
329.6000	-1.2001
329.7000	-1.1080
329.8000	-0.9958
329.9000	-0.8649
330.0000	-0.7168
330.1000	-0.5535
330.2000	-0.3772
330.3000	-0.1902
330.4000	0.0049
330.5000	0.2057
330.6000	0.4098
330.7000	0.6146
330.8000	0.8180
330.9000	1.0177
331.0000	1.2117
331.1000	1.3979
331.2000	1.5745
331.3000	1.7400
331.4000	1.8929
331.5000	2.0320
331.6000	2.1566
331.7000	2.2660
331.8000	2.3601
331.9000	2.4391
332.0000	2.5036
332.1000	2.5545
332.2000	2.5930
332.3000	2.6206
332.4000	2.6389
332.5000	2.6493
332.6000	2.6535
332.7000	2.6526
332.8000	2.6475
332.9000	2.6386
333.0000	2.6259
333.1000	2.6086
333.2000	2.5856
333.3000	2.5551
333.4000	2.5150
333.5000	2.4628
333.6000	2.3961
333.7000	2.3123
333.8000	2.2090
333.9000	2.0845
334.0000	1.9376
334.1000	1.7677
334.2000	1.5751
334.3000	1.3612
334.4000	1.1279
334.5000	0.8784
334.6000	0.6164
334.7000	0.3461
334.8000	0.0722
334.9000	-0.2002
335.0000	-0.4664
335.1000	-0.7216
335.2000	-0.9616
335.3000	-1.1829
335.4000	-1.3825
335.5000	-1.5584
335.6000	-1.7095
335.7000	-1.8353
335.8000	-1.9366
335.9000	-2.0143
336.0000	-2.0703
336.1000	-2.1068
336.2000	-2.1262
336.3000	-2.1312
336.4000	-2.1242
336.5000	-2.1076
336.6000	-2.0835
336.7000	-2.0534
336.8000	-2.0187
336.9000	-1.9803
337.0000	-1.9385
337.1000	-1.8934
337.2000	-1.8449
337.3000	-1.7923
337.4000	-1.7351
337.5000	-1.6727
337.6000	-1.6044
337.7000	-1.5298
337.8000	-1.4486
337.9000	-1.3607
338.0000	-1.2664
338.1000	-1.1662
338.2000	-1.0610
338.3000	-0.9521
338.4000	-0.8409
338.5000	-0.7292
338.6000	-0.6189
338.7000	-0.5122
338.8000	-0.4112
338.9000	-0.3180
339.0000	-0.2348
339.1000	-0.1633
339.2000	-0.1051
339.3000	-0.0615
339.4000	-0.0332
339.5000	-0.0203
339.6000	-0.0225
339.7000	-0.0389
339.8000	-0.0678
339.9000	-0.1071
340.0000	-0.1540
340.1000	-0.2053
340.2000	-0.2575
340.3000	-0.3068
340.4000	-0.3496
340.5000	-0.3820
340.6000	-0.4008
340.7000	-0.4029
340.8000	-0.3862
340.9000	-0.3490
341.0000	-0.2907
341.1000	-0.2113
341.2000	-0.1119
341.3000	0.0055
341.4000	0.1383
341.5000	0.2829
341.6000	0.4357
341.7000	0.5922
341.8000	0.7481
341.9000	0.8992
342.0000	1.0413
342.1000	1.1707
342.2000	1.2845
342.3000	1.3803
342.4000	1.4565
342.5000	1.5122
342.6000	1.5476
342.7000	1.5633
342.8000	1.5608
342.9000	1.5419
343.0000	1.5090
343.1000	1.4647
343.2000	1.4116
343.3000	1.3523
343.4000	1.2893
343.5000	1.2248
343.6000	1.1605
343.7000	1.0979
343.8000	1.0380
343.9000	0.9812
344.0000	0.9276
344.1000	0.8771
344.2000	0.8292
344.3000	0.7830
344.4000	0.7377
344.5000	0.6924
344.6000	0.6461
344.7000	0.5981
344.8000	0.5477
344.9000	0.4945
345.0000	0.4381
345.1000	0.3787
345.2000	0.3163
345.3000	0.2515
345.4000	0.1850
345.5000	0.1174
345.6000	0.0497
345.7000	-0.0171
345.8000	-0.0821
345.9000	-0.1445
346.0000	-0.2034
346.1000	-0.2584
346.2000	-0.3090
346.3000	-0.3552
346.4000	-0.3971
346.5000	-0.4351
346.6000	-0.4698
346.7000	-0.5021
346.8000	-0.5331
346.9000	-0.5637
347.0000	-0.5951
347.1000	-0.6282
347.2000	-0.6638
347.3000	-0.7024
347.4000	-0.7443
347.5000	-0.7892
347.6000	-0.8366
347.7000	-0.8855
347.8000	-0.9344
347.9000	-0.9816
348.0000	-1.0252
348.1000	-1.0632
348.2000	-1.0935
348.3000	-1.1143
348.4000	-1.1240
348.5000	-1.1214
348.6000	-1.1059
348.7000	-1.0774
348.8000	-1.0365
348.9000	-0.9845
349.0000	-0.9231
349.1000	-0.8545
349.2000	-0.7814
349.3000	-0.7063
349.4000	-0.6322
349.5000	-0.5616
349.6000	-0.4965
349.7000	-0.4388
349.8000	-0.3894
349.9000	-0.3487
350.0000	-0.3164
350.1000	-0.2914
350.2000	-0.2721
350.3000	-0.2564
350.4000	-0.2419
350.5000	-0.2260
350.6000	-0.2065
350.7000	-0.1811
350.8000	-0.1481
350.9000	-0.1066
351.0000	-0.0560
351.1000	0.0033
351.2000	0.0705
351.3000	0.1440
351.4000	0.2219
351.5000	0.3018
351.6000	0.3816
351.7000	0.4588
351.8000	0.5315
351.9000	0.5982
352.0000	0.6580
352.1000	0.7104
352.2000	0.7557
352.3000	0.7948
352.4000	0.8289
352.5000	0.8597
352.6000	0.8889
352.7000	0.9181
352.8000	0.9488
352.9000	0.9819
353.0000	1.0178
353.1000	1.0560
353.2000	1.0955
353.3000	1.1345
353.4000	1.1707
353.5000	1.2011
353.6000	1.2228
353.7000	1.2327
353.8000	1.2279
353.9000	1.2061
354.0000	1.1655
354.1000	1.1053
354.2000	1.0257
354.3000	0.9278
354.4000	0.8138
354.5000	0.6866
354.6000	0.5500
354.7000	0.4081
354.8000	0.2656
354.9000	0.1267
355.0000	-0.0044
355.1000	-0.1242
355.2000	-0.2298
355.3000	-0.3194
355.4000	-0.3921
355.5000	-0.4482
355.6000	-0.4886
355.7000	-0.5154
355.8000	-0.5313
355.9000	-0.5393
356.0000	-0.5428
356.1000	-0.5451
356.2000	-0.5492
356.3000	-0.5577
356.4000	-0.5725
356.5000	-0.5949
356.6000	-0.6254
356.7000	-0.6634
356.8000	-0.7080
356.9000	-0.7573
357.0000	-0.8092
357.1000	-0.8611
357.2000	-0.9102
357.3000	-0.9539
357.4000	-0.9895
357.5000	-1.0148
357.6000	-1.0281
357.7000	-1.0279
357.8000	-1.0133
357.9000	-0.9842
358.0000	-0.9407
358.1000	-0.8835
358.2000	-0.8137
358.3000	-0.7329
358.4000	-0.6429
358.5000	-0.5456
358.6000	-0.4434
358.7000	-0.3386
358.8000	-0.2337
358.9000	-0.1312
359.0000	-0.0336
359.1000	0.0567
359.2000	0.1373
359.3000	0.2063
359.4000	0.2618
359.5000	0.3023
359.6000	0.3268
359.7000	0.3348
359.8000	0.3263
359.9000	0.3021
360.0000	0.2634
360.1000	0.2122
360.2000	0.1510
360.3000	0.0828
360.4000	0.0110
360.5000	-0.0608
360.6000	-0.1291
360.7000	-0.1904
360.8000	-0.2417
360.9000	-0.2805
361.0000	-0.3049
361.1000	-0.3140
361.2000	-0.3076
361.3000	-0.2864
361.4000	-0.2521
361.5000	-0.2068
361.6000	-0.1535
361.7000	-0.0954
361.8000	-0.0357
361.9000	0.0222
362.0000	0.0755
362.1000	0.1218
362.2000	0.1597
362.3000	0.1883
362.4000	0.2077
362.5000	0.2190
362.6000	0.2240
362.7000	0.2253
362.8000	0.2258
362.9000	0.2287
363.0000	0.2373
363.1000	0.2546
363.2000	0.2831
363.3000	0.3248
363.4000	0.3807
363.5000	0.4509
363.6000	0.5347
363.7000	0.6304
363.8000	0.7356
363.9000	0.8471
364.0000	0.9613
364.1000	1.0744
364.2000	1.1824
364.3000	1.2816
364.4000	1.3687
364.5000	1.4408
364.6000	1.4956
364.7000	1.5315
364.8000	1.5477
364.9000	1.5440
365.0000	1.5207
365.1000	1.4786
365.2000	1.4189
365.3000	1.3431
365.4000	1.2527
365.5000	1.1491
365.6000	1.0340
365.7000	0.9085
365.8000	0.7739
365.9000	0.6312
366.0000	0.4814
366.1000	0.3252
366.2000	0.1636
366.3000	-0.0025
366.4000	-0.1719
366.5000	-0.3433
366.6000	-0.5153
366.7000	-0.6861
366.8000	-0.8538
366.9000	-1.0162
367.0000	-1.1713
367.1000	-1.3169
367.2000	-1.4510
367.3000	-1.5715
367.4000	-1.6770
367.5000	-1.7661
367.6000	-1.8378
367.7000	-1.8917
367.8000	-1.9276
367.9000	-1.9457
368.0000	-1.9464
368.1000	-1.9307
368.2000	-1.8995
368.3000	-1.8537
368.4000	-1.7947
368.5000	-1.7234
368.6000	-1.6409
368.7000	-1.5483
368.8000	-1.4463
368.9000	-1.3358
369.0000	-1.2176
369.1000	-1.0923
369.2000	-0.9609
369.3000	-0.8240
369.4000	-0.6828
369.5000	-0.5382
369.6000	-0.3914
369.7000	-0.2439
369.8000	-0.0972
369.9000	0.0473
370.0000	0.1879
370.1000	0.3230
370.2000	0.4513
370.3000	0.5713
370.4000	0.6820
370.5000	0.7825
370.6000	0.8723
370.7000	0.9511
370.8000	1.0189
370.9000	1.0761
371.0000	1.1231
371.1000	1.1606
371.2000	1.1896
371.3000	1.2110
371.4000	1.2255
371.5000	1.2341
371.6000	1.2377
371.7000	1.2367
371.8000	1.2317
371.9000	1.2229
372.0000	1.2106
372.1000	1.1946
372.2000	1.1747
372.3000	1.1507
372.4000	1.1220
372.5000	1.0883
372.6000	1.0490
372.7000	1.0035
372.8000	0.9514
372.9000	0.8923
373.0000	0.8259
373.1000	0.7519
373.2000	0.6705
373.3000	0.5817
373.4000	0.4860
373.5000	0.3841
373.6000	0.2769
373.7000	0.1655
373.8000	0.0513
373.9000	-0.0640
374.0000	-0.1785
374.1000	-0.2904
374.2000	-0.3976
374.3000	-0.4980
374.4000	-0.5898
374.5000	-0.6713
374.6000	-0.7410
374.7000	-0.7979
374.8000	-0.8414
374.9000	-0.8715
375.0000	-0.8885
375.1000	-0.8933
375.2000	-0.8874
375.3000	-0.8727
375.4000	-0.8512
375.5000	-0.8253
375.6000	-0.7975
375.7000	-0.7700
375.8000	-0.7450
375.9000	-0.7242
376.0000	-0.7090
376.1000	-0.7001
376.2000	-0.6977
376.3000	-0.7016
376.4000	-0.7107
376.5000	-0.7237
376.6000	-0.7389
376.7000	-0.7543
376.8000	-0.7678
376.9000	-0.7772
377.0000	-0.7807
377.1000	-0.7767
377.2000	-0.7638
377.3000	-0.7412
377.4000	-0.7084
377.5000	-0.6656
377.6000	-0.6131
377.7000	-0.5516
377.8000	-0.4822
377.9000	-0.4059
378.0000	-0.3239
378.1000	-0.2373
378.2000	-0.1472
378.3000	-0.0545
378.4000	0.0400
378.5000	0.1358
378.6000	0.2323
378.7000	0.3290
378.8000	0.4254
378.9000	0.5211
379.0000	0.6151
379.1000	0.7066
379.2000	0.7945
379.3000	0.8773
379.4000	0.9536
379.5000	1.0217
379.6000	1.0799
379.7000	1.1268
379.8000	1.1609
379.9000	1.1813
380.0000	1.1872
380.1000	1.1788
380.2000	1.1563
380.3000	1.1209
380.4000	1.0742
380.5000	1.0180
380.6000	0.9547
380.7000	0.8868
380.8000	0.8170
380.9000	0.7475
381.0000	0.6806
381.1000	0.6179
381.2000	0.5606
381.3000	0.5093
381.4000	0.4641
381.5000	0.4245
381.6000	0.3895
381.7000	0.3578
381.8000	0.3279
381.9000	0.2985
382.0000	0.2680
382.1000	0.2356
382.2000	0.2006
382.3000	0.1629
382.4000	0.1228
382.5000	0.0813
382.6000	0.0396
382.7000	-0.0008
382.8000	-0.0382
382.9000	-0.0709
383.0000	-0.0976
383.1000	-0.1173
383.2000	-0.1296
383.3000	-0.1346
383.4000	-0.1333
383.5000	-0.1270
383.6000	-0.1179
383.7000	-0.1083
383.8000	-0.1011
383.9000	-0.0988
384.0000	-0.1039
384.1000	-0.1186
384.2000	-0.1442
384.3000	-0.1813
384.4000	-0.2298
384.5000	-0.2884
384.6000	-0.3551
384.7000	-0.4272
384.8000	-0.5013
384.9000	-0.5737
385.0000	-0.6406
385.1000	-0.6984
385.2000	-0.7441
385.3000	-0.7753
385.4000	-0.7903
385.5000	-0.7888
385.6000	-0.7713
385.7000	-0.7394
385.8000	-0.6957
385.9000	-0.6435
386.0000	-0.5867
386.1000	-0.5295
386.2000	-0.4759
386.3000	-0.4299
386.4000	-0.3947
386.5000	-0.3730
386.6000	-0.3662
386.7000	-0.3752
386.8000	-0.3994
386.9000	-0.4375
387.0000	-0.4873
387.1000	-0.5460
387.2000	-0.6103
387.3000	-0.6766
387.4000	-0.7415
387.5000	-0.8018
387.6000	-0.8545
387.7000	-0.8977
387.8000	-0.9296
387.9000	-0.9494
388.0000	-0.9570
388.1000	-0.9527
388.2000	-0.9376
388.3000	-0.9128
388.4000	-0.8797
388.5000	-0.8400
388.6000	-0.7947
388.7000	-0.7452
388.8000	-0.6922
388.9000	-0.6361
389.0000	-0.5771
389.1000	-0.5149
389.2000	-0.4490
389.3000	-0.3789
389.4000	-0.3038
389.5000	-0.2233
389.6000	-0.1369
389.7000	-0.0444
389.8000	0.0540
389.9000	0.1578
390.0000	0.2662
390.1000	0.3780
390.2000	0.4918
390.3000	0.6061
390.4000	0.7192
390.5000	0.8295
390.6000	0.9353
390.7000	1.0355
390.8000	1.1287
390.9000	1.2142
391.0000	1.2913
391.1000	1.3598
391.2000	1.4195
391.3000	1.4706
391.4000	1.5134
391.5000	1.5482
391.6000	1.5755
391.7000	1.5956
391.8000	1.6090
391.9000	1.6159
392.0000	1.6167
392.1000	1.6116
392.2000	1.6008
392.3000	1.5844
392.4000	1.5627
392.5000	1.5358
392.6000	1.5041
392.7000	1.4678
392.8000	1.4273
392.9000	1.3830
393.0000	1.3351
393.1000	1.2841
393.2000	1.2300
393.3000	1.1729
393.4000	1.1128
393.5000	1.0494
393.6000	0.9822
393.7000	0.9108
393.8000	0.8344
393.9000	0.7524
394.0000	0.6641
394.1000	0.5688
394.2000	0.4663
394.3000	0.3564
394.4000	0.2392
394.5000	0.1154
394.6000	-0.0142
394.7000	-0.1482
394.8000	-0.2850
394.9000	-0.4228
395.0000	-0.5593
395.1000	-0.6924
395.2000	-0.8199
395.3000	-0.9398
395.4000	-1.0504
395.5000	-1.1502
395.6000	-1.2381
395.7000	-1.3137
395.8000	-1.3768
395.9000	-1.4279
396.0000	-1.4677
396.1000	-1.4974
396.2000	-1.5184
396.3000	-1.5323
396.4000	-1.5407
396.5000	-1.5452
396.6000	-1.5472
396.7000	-1.5479
396.8000	-1.5483
396.9000	-1.5491
397.0000	-1.5505
397.1000	-1.5526
397.2000	-1.5554
397.3000	-1.5584
397.4000	-1.5611
397.5000	-1.5631
397.6000	-1.5637
397.7000	-1.5625
397.8000	-1.5591
397.9000	-1.5530
398.0000	-1.5441
398.1000	-1.5321
398.2000	-1.5170
398.3000	-1.4986
398.4000	-1.4766
398.5000	-1.4508
398.6000	-1.4207
398.7000	-1.3857
398.8000	-1.3450
398.9000	-1.2975
399.0000	-1.2422
399.1000	-1.1778
399.2000	-1.1030
399.3000	-1.0165
399.4000	-0.9171
399.5000	-0.8041
399.6000	-0.6766
399.7000	-0.5344
399.8000	-0.3777
399.9000	-0.2071
400.0000	-0.0238
400.1000	0.1708
400.2000	0.3744
400.3000	0.5846
400.4000	0.7986
400.5000	1.0132
400.6000	1.2252
400.7000	1.4314
400.8000	1.6285
400.9000	1.8135
401.0000	1.9837
401.1000	2.1367
401.2000	2.2707
401.3000	2.3841
401.4000	2.4762
401.5000	2.5465
401.6000	2.5954
401.7000	2.6235
401.8000	2.6319
401.9000	2.6222
402.0000	2.5961
402.1000	2.5555
402.2000	2.5026
402.3000	2.4393
402.4000	2.3677
402.5000	2.2893
402.6000	2.2057
402.7000	2.1180
402.8000	2.0270
402.9000	1.9333
403.0000	1.8369
403.1000	1.7376
403.2000	1.6350
403.3000	1.5286
403.4000	1.4175
403.5000	1.3012
403.6000	1.1789
403.7000	1.0502
403.8000	0.9149
403.9000	0.7728
404.0000	0.6242
404.1000	0.4697
404.2000	0.3101
404.3000	0.1465
404.4000	-0.0200
404.5000	-0.1881
404.6000	-0.3564
404.7000	-0.5238
404.8000	-0.6890
404.9000	-0.8512
405.0000	-1.0096
405.1000	-1.1637
405.2000	-1.3132
405.3000	-1.4578
405.4000	-1.5976
405.5000	-1.7324
405.6000	-1.8621
405.7000	-1.9864
405.8000	-2.1048
405.9000	-2.2164
406.0000	-2.3199
406.1000	-2.4139
406.2000	-2.4965
406.3000	-2.5655
406.4000	-2.6185
406.5000	-2.6533
406.6000	-2.6676
406.7000	-2.6592
406.8000	-2.6266
406.9000	-2.5685
407.0000	-2.4845
407.1000	-2.3748
407.2000	-2.2403
407.3000	-2.0827
407.4000	-1.9042
407.5000	-1.7077
407.6000	-1.4968
407.7000	-1.2749
407.8000	-1.0460
407.9000	-0.8138
408.0000	-0.5819
408.1000	-0.3537
408.2000	-0.1319
408.3000	0.0809
408.4000	0.2827
408.5000	0.4722
408.6000	0.6481
408.7000	0.8097
408.8000	0.9563
408.9000	1.0876
409.0000	1.2029
409.1000	1.3017
409.2000	1.3835
409.3000	1.4475
409.4000	1.4927
409.5000	1.5185
409.6000	1.5241
409.7000	1.5091
409.8000	1.4733
409.9000	1.4173
410.0000	1.3421
410.1000	1.2494
410.2000	1.1419
410.3000	1.0228
410.4000	0.8959
410.5000	0.7658
410.6000	0.6371
410.7000	0.5145
410.8000	0.4027
410.9000	0.3058
411.0000	0.2271
411.1000	0.1691
411.2000	0.1332
411.3000	0.1195
411.4000	0.1269
411.5000	0.1532
411.6000	0.1952
411.7000	0.2489
411.8000	0.3095
411.9000	0.3725
412.0000	0.4330
412.1000	0.4869
412.2000	0.5306
412.3000	0.5615
412.4000	0.5782
412.5000	0.5802
412.6000	0.5683
412.7000	0.5445
412.8000	0.5113
412.9000	0.4720
413.0000	0.4301
413.1000	0.3892
413.2000	0.3524
413.3000	0.3222
413.4000	0.3004
413.5000	0.2878
413.6000	0.2839
413.7000	0.2874
413.8000	0.2960
413.9000	0.3068
414.0000	0.3160
414.1000	0.3201
414.2000	0.3153
414.3000	0.2984
414.4000	0.2668
414.5000	0.2188
414.6000	0.1537
414.7000	0.0718
414.8000	-0.0253
414.9000	-0.1353
415.0000	-0.2549
415.1000	-0.3802
415.2000	-0.5072
415.3000	-0.6318
415.4000	-0.7499
415.5000	-0.8581
415.6000	-0.9536
415.7000	-1.0343
415.8000	-1.0990
415.9000	-1.1472
416.0000	-1.1793
416.1000	-1.1962
416.2000	-1.1991
416.3000	-1.1897
416.4000	-1.1695
416.5000	-1.1399
416.6000	-1.1020
416.7000	-1.0567
416.8000	-1.0040
416.9000	-0.9439
417.0000	-0.8759
417.1000	-0.7993
417.2000	-0.7132
417.3000	-0.6171
417.4000	-0.5106
417.5000	-0.3938
417.6000	-0.2675
417.7000	-0.1332
417.8000	0.0069
417.9000	0.1501
418.0000	0.2928
418.1000	0.4312
418.2000	0.5612
418.3000	0.6787
418.4000	0.7799
418.5000	0.8616
418.6000	0.9211
418.7000	0.9567
418.8000	0.9677
418.9000	0.9547
419.0000	0.9189
419.1000	0.8628
419.2000	0.7897
419.3000	0.7034
419.4000	0.6083
419.5000	0.5087
419.6000	0.4091
419.7000	0.3135
419.8000	0.2253
419.9000	0.1477
420.0000	0.0825
420.1000	0.0311
420.2000	-0.0059
420.3000	-0.0289
420.4000	-0.0387
420.5000	-0.0368
420.6000	-0.0247
420.7000	-0.0045
420.8000	0.0219
420.9000	0.0527
421.0000	0.0862
421.1000	0.1211
421.2000	0.1563
421.3000	0.1912
421.4000	0.2253
421.5000	0.2584
421.6000	0.2905
421.7000	0.3217
421.8000	0.3520
421.9000	0.3813
422.0000	0.4094
422.1000	0.4359
422.2000	0.4601
422.3000	0.4813
422.4000	0.4983
422.5000	0.5099
422.6000	0.5147
422.7000	0.5114
422.8000	0.4987
422.9000	0.4753
423.0000	0.4402
423.1000	0.3925
423.2000	0.3319
423.3000	0.2583
423.4000	0.1718
423.5000	0.0732
423.6000	-0.0365
423.7000	-0.1557
423.8000	-0.2827
423.9000	-0.4151
424.0000	-0.5505
424.1000	-0.6863
424.2000	-0.8193
424.3000	-0.9468
424.4000	-1.0656
424.5000	-1.1729
424.6000	-1.2659
424.7000	-1.3423
424.8000	-1.3999
424.9000	-1.4373
425.0000	-1.4534
425.1000	-1.4478
425.2000	-1.4208
425.3000	-1.3732
425.4000	-1.3066
425.5000	-1.2230
425.6000	-1.1250
425.7000	-1.0155
425.8000	-0.8977
425.9000	-0.7749
426.0000	-0.6504
426.1000	-0.5272
426.2000	-0.4080
426.3000	-0.2953
426.4000	-0.1909
426.5000	-0.0959
426.6000	-0.0113
426.7000	0.0629
426.8000	0.1268
426.9000	0.1811
427.0000	0.2267
427.1000	0.2646
427.2000	0.2960
427.3000	0.3218
427.4000	0.3429
427.5000	0.3602
427.6000	0.3740
427.7000	0.3848
427.8000	0.3926
427.9000	0.3976
428.0000	0.3998
428.1000	0.3994
428.2000	0.3968
428.3000	0.3926
428.4000	0.3877
428.5000	0.3835
428.6000	0.3814
428.7000	0.3833
428.8000	0.3912
428.9000	0.4070
429.0000	0.4326
429.1000	0.4696
429.2000	0.5190
429.3000	0.5814
429.4000	0.6566
429.5000	0.7437
429.6000	0.8411
429.7000	0.9462
429.8000	1.0562
429.9000	1.1676
430.0000	1.2765
430.1000	1.3793
430.2000	1.4721
430.3000	1.5518
430.4000	1.6156
430.5000	1.6615
430.6000	1.6884
430.7000	1.6960
430.8000	1.6848
430.9000	1.6559
431.0000	1.6114
431.1000	1.5532
431.2000	1.4840
431.3000	1.4059
431.4000	1.3210
431.5000	1.2309
431.6000	1.1365
431.7000	1.0381
431.8000	0.9352
431.9000	0.8267
432.0000	0.7110
432.1000	0.5859
432.2000	0.4493
432.3000	0.2993
432.4000	0.1342
432.5000	-0.0472
432.6000	-0.2449
432.7000	-0.4583
432.8000	-0.6855
432.9000	-0.9237
433.0000	-1.1691
433.1000	-1.4170
433.2000	-1.6621
433.3000	-1.8989
433.4000	-2.1218
433.5000	-2.3253
433.6000	-2.5046
433.7000	-2.6557
433.8000	-2.7755
433.9000	-2.8623
434.0000	-2.9151
434.1000	-2.9346
434.2000	-2.9223
434.3000	-2.8806
434.4000	-2.8126
434.5000	-2.7219
434.6000	-2.6122
434.7000	-2.4872
434.8000	-2.3501
434.9000	-2.2038
435.0000	-2.0505
435.1000	-1.8916
435.2000	-1.7279
435.3000	-1.5597
435.4000	-1.3865
435.5000	-1.2078
435.6000	-1.0228
435.7000	-0.8308
435.8000	-0.6315
435.9000	-0.4250
436.0000	-0.2119
436.1000	0.0064
436.2000	0.2280
436.3000	0.4499
436.4000	0.6691
436.5000	0.8819
436.6000	1.0844
436.7000	1.2726
436.8000	1.4430
436.9000	1.5921
437.0000	1.7174
437.1000	1.8168
437.2000	1.8893
437.3000	1.9347
437.4000	1.9537
437.5000	1.9478
437.6000	1.9194
437.7000	1.8713
437.8000	1.8070
437.9000	1.7300
438.0000	1.6442
438.1000	1.5530
438.2000	1.4600
438.3000	1.3681
438.4000	1.2798
438.5000	1.1973
438.6000	1.1218
438.7000	1.0545
438.8000	0.9956
438.9000	0.9450
439.0000	0.9024
439.1000	0.8668
439.2000	0.8373
439.3000	0.8127
439.4000	0.7916
439.5000	0.7729
439.6000	0.7551
439.7000	0.7372
439.8000	0.7180
439.9000	0.6964
440.0000	0.6717
440.1000	0.6431
440.2000	0.6100
440.3000	0.5719
440.4000	0.5285
440.5000	0.4797
440.6000	0.4254
440.7000	0.3657
440.8000	0.3010
440.9000	0.2315
441.0000	0.1578
441.1000	0.0806
441.2000	0.0006
441.3000	-0.0814
441.4000	-0.1645
441.5000	-0.2479
441.6000	-0.3306
441.7000	-0.4118
441.8000	-0.4905
441.9000	-0.5659
442.0000	-0.6371
442.1000	-0.7035
442.2000	-0.7643
442.3000	-0.8189
442.4000	-0.8665
442.5000	-0.9066
442.6000	-0.9386
442.7000	-0.9622
442.8000	-0.9768
442.9000	-0.9824
443.0000	-0.9786
443.1000	-0.9657
443.2000	-0.9438
443.3000	-0.9136
443.4000	-0.8759
443.5000	-0.8317
443.6000	-0.7825
443.7000	-0.7299
443.8000	-0.6756
443.9000	-0.6217
444.0000	-0.5701
444.1000	-0.5228
444.2000	-0.4816
444.3000	-0.4480
444.4000	-0.4230
444.5000	-0.4074
444.6000	-0.4012
444.7000	-0.4040
444.8000	-0.4147
444.9000	-0.4316
445.0000	-0.4526
445.1000	-0.4753
445.2000	-0.4967
445.3000	-0.5141
445.4000	-0.5245
445.5000	-0.5254
445.6000	-0.5145
445.7000	-0.4903
445.8000	-0.4518
445.9000	-0.3988
446.0000	-0.3319
446.1000	-0.2526
446.2000	-0.1630
446.3000	-0.0659
446.4000	0.0353
446.5000	0.1371
446.6000	0.2355
446.7000	0.3268
446.8000	0.4074
446.9000	0.4744
447.0000	0.5252
447.1000	0.5579
447.2000	0.5715
447.3000	0.5659
447.4000	0.5416
447.5000	0.5000
447.6000	0.4432
447.7000	0.3737
447.8000	0.2944
447.9000	0.2087
448.0000	0.1198
448.1000	0.0309
448.2000	-0.0551
448.3000	-0.1356
448.4000	-0.2083
448.5000	-0.2716
448.6000	-0.3244
448.7000	-0.3661
448.8000	-0.3966
448.9000	-0.4163
449.0000	-0.4258
449.1000	-0.4261
449.2000	-0.4184
449.3000	-0.4037
449.4000	-0.3832
449.5000	-0.3580
449.6000	-0.3287
449.7000	-0.2960
449.8000	-0.2601
449.9000	-0.2209
450.0000	-0.1781
450.1000	-0.1311
450.2000	-0.0791
450.3000	-0.0211
450.4000	0.0438
450.5000	0.1167
450.6000	0.1984
450.7000	0.2897
450.8000	0.3908
450.9000	0.5020
451.0000	0.6227
451.1000	0.7522
451.2000	0.8891
451.3000	1.0317
451.4000	1.1777
451.5000	1.3244
451.6000	1.4688
451.7000	1.6075
451.8000	1.7371
451.9000	1.8542
452.0000	1.9552
452.1000	2.0371
452.2000	2.0969
452.3000	2.1322
452.4000	2.1414
452.5000	2.1232
452.6000	2.0770
452.7000	2.0033
452.8000	1.9028
452.9000	1.7773
453.0000	1.6288
453.1000	1.4602
453.2000	1.2746
453.3000	1.0751
453.4000	0.8654
453.5000	0.6488
453.6000	0.4287
453.7000	0.2079
453.8000	-0.0108
453.9000	-0.2252
454.0000	-0.4334
454.1000	-0.6343
454.2000	-0.8269
454.3000	-1.0106
454.4000	-1.1853
454.5000	-1.3509
454.6000	-1.5077
454.7000	-1.6556
454.8000	-1.7949
454.9000	-1.9254
455.0000	-2.0468
455.1000	-2.1586
455.2000	-2.2601
455.3000	-2.3502
455.4000	-2.4278
455.5000	-2.4915
455.6000	-2.5400
455.7000	-2.5719
455.8000	-2.5860
455.9000	-2.5814
456.0000	-2.5574
456.1000	-2.5137
456.2000	-2.4502
456.3000	-2.3676
456.4000	-2.2666
456.5000	-2.1486
456.6000	-2.0152
456.7000	-1.8681
456.8000	-1.7094
456.9000	-1.5412
457.0000	-1.3655
457.1000	-1.1843
457.2000	-0.9993
457.3000	-0.8121
457.4000	-0.6240
457.5000	-0.4360
457.6000	-0.2488
457.7000	-0.0629
457.8000	0.1214
457.9000	0.3039
458.0000	0.4844
458.1000	0.6629
458.2000	0.8389
458.3000	1.0120
458.4000	1.1816
458.5000	1.3467
458.6000	1.5061
458.7000	1.6581
458.8000	1.8013
458.9000	1.9335
459.0000	2.0530
459.1000	2.1577
459.2000	2.2458
459.3000	2.3156
459.4000	2.3658
459.5000	2.3954
459.6000	2.4039
459.7000	2.3914
459.8000	2.3583
459.9000	2.3058
460.0000	2.2352
460.1000	2.1486
460.2000	2.0481
460.3000	1.9361
460.4000	1.8152
460.5000	1.6879
460.6000	1.5564
460.7000	1.4229
460.8000	1.2890
460.9000	1.1560
461.0000	1.0248
461.1000	0.8957
461.2000	0.7688
461.3000	0.6436
461.4000	0.5194
461.5000	0.3953
461.6000	0.2704
461.7000	0.1439
461.8000	0.0149
461.9000	-0.1170
462.0000	-0.2518
462.1000	-0.3892
462.2000	-0.5286
462.3000	-0.6685
462.4000	-0.8074
462.5000	-0.9434
462.6000	-1.0741
462.7000	-1.1974
462.8000	-1.3107
462.9000	-1.4121
463.0000	-1.4994
463.1000	-1.5711
463.2000	-1.6262
463.3000	-1.6640
463.4000	-1.6846
463.5000	-1.6884
463.6000	-1.6765
463.7000	-1.6504
463.8000	-1.6119
463.9000	-1.5633
464.0000	-1.5066
464.1000	-1.4441
464.2000	-1.3779
464.3000	-1.3099
464.4000	-1.2416
464.5000	-1.1744
464.6000	-1.1089
464.7000	-1.0457
464.8000	-0.9847
464.9000	-0.9258
465.0000	-0.8684
465.1000	-0.8119
465.2000	-0.7556
465.3000	-0.6988
465.4000	-0.6409
465.5000	-0.5815
465.6000	-0.5203
465.7000	-0.4575
465.8000	-0.3932
465.9000	-0.3279
466.0000	-0.2622
466.1000	-0.1969
466.2000	-0.1327
466.3000	-0.0704
466.4000	-0.0108
466.5000	0.0457
466.6000	0.0987
466.7000	0.1481
466.8000	0.1939
466.9000	0.2367
467.0000	0.2768
467.1000	0.3151
467.2000	0.3523
467.3000	0.3896
467.4000	0.4277
467.5000	0.4676
467.6000	0.5101
467.7000	0.5558
467.8000	0.6053
467.9000	0.6588
468.0000	0.7163
468.1000	0.7777
468.2000	0.8426
468.3000	0.9105
468.4000	0.9807
468.5000	1.0524
468.6000	1.1246
468.7000	1.1963
468.8000	1.2664
468.9000	1.3340
469.0000	1.3978
469.1000	1.4568
469.2000	1.5100
469.3000	1.5563
469.4000	1.5947
469.5000	1.6243
469.6000	1.6444
469.7000	1.6540
469.8000	1.6527
469.9000	1.6399
470.0000	1.6152
470.1000	1.5785
470.2000	1.5298
470.3000	1.4692
470.4000	1.3971
470.5000	1.3140
470.6000	1.2208
470.7000	1.1181
470.8000	1.0070
470.9000	0.8887
471.0000	0.7641
471.1000	0.6346
471.2000	0.5012
471.3000	0.3652
471.4000	0.2274
471.5000	0.0891
471.6000	-0.0489
471.7000	-0.1859
471.8000	-0.3210
471.9000	-0.4535
472.0000	-0.5830
472.1000	-0.7088
472.2000	-0.8305
472.3000	-0.9478
472.4000	-1.0602
472.5000	-1.1675
472.6000	-1.2695
472.7000	-1.3659
472.8000	-1.4567
472.9000	-1.5418
473.0000	-1.6212
473.1000	-1.6950
473.2000	-1.7634
473.3000	-1.8264
473.4000	-1.8844
473.5000	-1.9373
473.6000	-1.9852
473.7000	-2.0281
473.8000	-2.0658
473.9000	-2.0978
474.0000	-2.1235
474.1000	-2.1422
474.2000	-2.1529
474.3000	-2.1544
474.4000	-2.1455
474.5000	-2.1249
474.6000	-2.0912
474.7000	-2.0433
474.8000	-1.9802
474.9000	-1.9012
475.0000	-1.8059
475.1000	-1.6944
475.2000	-1.5672
475.3000	-1.4251
475.4000	-1.2696
475.5000	-1.1024
475.6000	-0.9257
475.7000	-0.7417
475.8000	-0.5530
475.9000	-0.3619
476.0000	-0.1710
476.1000	0.0177
476.2000	0.2020
476.3000	0.3804
476.4000	0.5516
476.5000	0.7148
476.6000	0.8694
476.7000	1.0153
476.8000	1.1525
476.9000	1.2812
477.0000	1.4018
477.1000	1.5146
477.2000	1.6199
477.3000	1.7177
477.4000	1.8080
477.5000	1.8906
477.6000	1.9651
477.7000	2.0311
477.8000	2.0880
477.9000	2.1351
478.0000	2.1720
478.1000	2.1984
478.2000	2.2141
478.3000	2.2191
478.4000	2.2139
478.5000	2.1992
478.6000	2.1757
478.7000	2.1445
478.8000	2.1067
478.9000	2.0633
479.0000	2.0153
479.1000	1.9634
479.2000	1.9080
479.3000	1.8491
479.4000	1.7863
479.5000	1.7187
479.6000	1.6452
479.7000	1.5642
479.8000	1.4742
479.9000	1.3732
480.0000	1.2598
480.1000	1.1325
480.2000	0.9904
480.3000	0.8330
480.4000	0.6605
480.5000	0.4738
480.6000	0.2744
480.7000	0.0646
480.8000	-0.1527
480.9000	-0.3741
481.0000	-0.5960
481.1000	-0.8145
481.2000	-1.0258
481.3000	-1.2261
481.4000	-1.4120
481.5000	-1.5808
481.6000	-1.7301
481.7000	-1.8582
481.8000	-1.9642
481.9000	-2.0477
482.0000	-2.1090
482.1000	-2.1488
482.2000	-2.1683
482.3000	-2.1690
482.4000	-2.1525
482.5000	-2.1208
482.6000	-2.0756
482.7000	-2.0187
482.8000	-1.9518
482.9000	-1.8766
483.0000	-1.7946
483.1000	-1.7074
483.2000	-1.6166
483.3000	-1.5235
483.4000	-1.4299
483.5000	-1.3373
483.6000	-1.2473
483.7000	-1.1615
483.8000	-1.0816
483.9000	-1.0090
484.0000	-0.9448
484.1000	-0.8898
484.2000	-0.8445
484.3000	-0.8088
484.4000	-0.7822
484.5000	-0.7634
484.6000	-0.7507
484.7000	-0.7418
484.8000	-0.7343
484.9000	-0.7253
485.0000	-0.7117
485.1000	-0.6908
485.2000	-0.6600
485.3000	-0.6170
485.4000	-0.5603
485.5000	-0.4889
485.6000	-0.4026
485.7000	-0.3021
485.8000	-0.1885
485.9000	-0.0638
486.0000	0.0698
486.1000	0.2095
486.2000	0.3527
486.3000	0.4967
486.4000	0.6390
486.5000	0.7779
486.6000	0.9118
486.7000	1.0400
486.8000	1.1624
486.9000	1.2795
487.0000	1.3923
487.1000	1.5021
487.2000	1.6104
487.3000	1.7186
487.4000	1.8281
487.5000	1.9397
487.6000	2.0536
487.7000	2.1693
487.8000	2.2857
487.9000	2.4009
488.0000	2.5121
488.1000	2.6162
488.2000	2.7094
488.3000	2.7879
488.4000	2.8478
488.5000	2.8853
488.6000	2.8974
488.7000	2.8814
488.8000	2.8356
488.9000	2.7591
489.0000	2.6519
489.1000	2.5151
489.2000	2.3505
489.3000	2.1608
489.4000	1.9492
489.5000	1.7194
489.6000	1.4752
489.7000	1.2207
489.8000	0.9597
489.9000	0.6957
490.0000	0.4321
490.1000	0.1715
490.2000	-0.0838
490.3000	-0.3319
490.4000	-0.5716
490.5000	-0.8020
490.6000	-1.0224
490.7000	-1.2325
490.8000	-1.4322
490.9000	-1.6214
491.0000	-1.8000
491.1000	-1.9680
491.2000	-2.1254
491.3000	-2.2721
491.4000	-2.4080
491.5000	-2.5330
491.6000	-2.6470
491.7000	-2.7498
491.8000	-2.8413
491.9000	-2.9215
492.0000	-2.9904
492.1000	-3.0477
492.2000	-3.0934
492.3000	-3.1271
492.4000	-3.1486
492.5000	-3.1573
492.6000	-3.1525
492.7000	-3.1333
492.8000	-3.0989
492.9000	-3.0482
493.0000	-2.9802
493.1000	-2.8940
493.2000	-2.7891
493.3000	-2.6649
493.4000	-2.5217
493.5000	-2.3599
493.6000	-2.1808
493.7000	-1.9859
493.8000	-1.7775
493.9000	-1.5584
494.0000	-1.3317
494.1000	-1.1007
494.2000	-0.8690
494.3000	-0.6398
494.4000	-0.4164
494.5000	-0.2013
494.6000	0.0034
494.7000	0.1965
494.8000	0.3773
494.9000	0.5460
495.0000	0.7038
495.1000	0.8521
495.2000	0.9931
495.3000	1.1292
495.4000	1.2629
495.5000	1.3966
495.6000	1.5322
495.7000	1.6714
495.8000	1.8150
495.9000	1.9629
496.0000	2.1145
496.1000	2.2681
496.2000	2.4214
496.3000	2.5716
496.4000	2.7153
496.5000	2.8489
496.6000	2.9688
496.7000	3.0718
496.8000	3.1547
496.9000	3.2153
497.0000	3.2518
497.1000	3.2632
497.2000	3.2494
497.3000	3.2110
497.4000	3.1491
497.5000	3.0656
497.6000	2.9626
497.7000	2.8426
497.8000	2.7080
497.9000	2.5614
498.0000	2.4051
498.1000	2.2410
498.2000	2.0711
498.3000	1.8966
498.4000	1.7189
498.5000	1.5389
498.6000	1.3575
498.7000	1.1752
498.8000	0.9930
498.9000	0.8116
499.0000	0.6319
499.1000	0.4550
499.2000	0.2819
499.3000	0.1138
499.4000	-0.0481
499.5000	-0.2030
499.6000	-0.3500
499.7000	-0.4888
499.8000	-0.6194
499.9000	-0.7422
500.0000	-0.8584
500.1000	-0.9693
500.2000	-1.0769
500.3000	-1.1832
500.4000	-1.2907
500.5000	-1.4015
500.6000	-1.5176
500.7000	-1.6407
500.8000	-1.7716
500.9000	-1.9105
501.0000	-2.0566
501.1000	-2.2082
501.2000	-2.3627
501.3000	-2.5165
501.4000	-2.6653
501.5000	-2.8044
501.6000	-2.9284
501.7000	-3.0323
501.8000	-3.1110
501.9000	-3.1600
502.0000	-3.1757
502.1000	-3.1551
502.2000	-3.0968
502.3000	-3.0003
502.4000	-2.8663
502.5000	-2.6970
502.6000	-2.4954
502.7000	-2.2658
502.8000	-2.0128
502.9000	-1.7420
503.0000	-1.4589
503.1000	-1.1692
503.2000	-0.8784
503.3000	-0.5917
503.4000	-0.3136
503.5000	-0.0482
503.6000	0.2013
503.7000	0.4321
503.8000	0.6423
503.9000	0.8304
504.0000	0.9955
504.1000	1.1372
504.2000	1.2551
504.3000	1.3493
504.4000	1.4199
504.5000	1.4673
504.6000	1.4919
504.7000	1.4942
504.8000	1.4750
504.9000	1.4352
505.0000	1.3759
505.1000	1.2987
505.2000	1.2054
505.3000	1.0984
505.4000	0.9801
505.5000	0.8537
505.6000	0.7224
505.7000	0.5896
505.8000	0.4589
505.9000	0.3338
506.0000	0.2176
506.1000	0.1133
506.2000	0.0233
506.3000	-0.0502
506.4000	-0.1059
506.5000	-0.1432
506.6000	-0.1620
506.7000	-0.1628
506.8000	-0.1470
506.9000	-0.1160
507.0000	-0.0720
507.1000	-0.0173
507.2000	0.0459
507.3000	0.1150
507.4000	0.1879
507.5000	0.2624
507.6000	0.3367
507.7000	0.4092
507.8000	0.4785
507.9000	0.5436
508.0000	0.6036
508.1000	0.6578
508.2000	0.7055
508.3000	0.7460
508.4000	0.7787
508.5000	0.8030
508.6000	0.8180
508.7000	0.8230
508.8000	0.8172
508.9000	0.8001
509.0000	0.7710
509.1000	0.7297
509.2000	0.6762
509.3000	0.6111
509.4000	0.5351
509.5000	0.4498
509.6000	0.3570
509.7000	0.2590
509.8000	0.1586
509.9000	0.0587
510.0000	-0.0374
510.1000	-0.1267
510.2000	-0.2060
510.3000	-0.2727
510.4000	-0.3244
510.5000	-0.3593
510.6000	-0.3765
510.7000	-0.3755
510.8000	-0.3567
510.9000	-0.3211
511.0000	-0.2705
511.1000	-0.2071
511.2000	-0.1335
511.3000	-0.0528
511.4000	0.0322
511.5000	0.1184
511.6000	0.2031
511.7000	0.2838
511.8000	0.3585
511.9000	0.4257
512.0000	0.4843
512.1000	0.5338
512.2000	0.5740
512.3000	0.6051
512.4000	0.6277
512.5000	0.6423
512.6000	0.6495
512.7000	0.6501
512.8000	0.6443
512.9000	0.6324
513.0000	0.6144
513.1000	0.5899
513.2000	0.5584
513.3000	0.5193
513.4000	0.4717
513.5000	0.4150
513.6000	0.3486
513.7000	0.2721
513.8000	0.1856
513.9000	0.0894
514.0000	-0.0154
514.1000	-0.1276
514.2000	-0.2452
514.3000	-0.3660
514.4000	-0.4875
514.5000	-0.6068
514.6000	-0.7211
514.7000	-0.8275
514.8000	-0.9236
514.9000	-1.0071
515.0000	-1.0762
515.1000	-1.1298
515.2000	-1.1672
515.3000	-1.1887
515.4000	-1.1948
515.5000	-1.1868
515.6000	-1.1664
515.7000	-1.1355
515.8000	-1.0965
515.9000	-1.0517
516.0000	-1.0032
516.1000	-0.9532
516.2000	-0.9034
516.3000	-0.8552
516.4000	-0.8095
516.5000	-0.7668
516.6000	-0.7273
516.7000	-0.6907
516.8000	-0.6566
516.9000	-0.6243
517.0000	-0.5931
517.1000	-0.5624
517.2000	-0.5316
517.3000	-0.5004
517.4000	-0.4687
517.5000	-0.4368
517.6000	-0.4052
517.7000	-0.3744
517.8000	-0.3454
517.9000	-0.3190
518.0000	-0.2960
518.1000	-0.2770
518.2000	-0.2626
518.3000	-0.2525
518.4000	-0.2466
518.5000	-0.2440
518.6000	-0.2433
518.7000	-0.2430
518.8000	-0.2412
518.9000	-0.2356
519.0000	-0.2240
519.1000	-0.2044
519.2000	-0.1747
519.3000	-0.1336
519.4000	-0.0800
519.5000	-0.0135
519.6000	0.0655
519.7000	0.1560
519.8000	0.2564
519.9000	0.3643
520.0000	0.4768
520.1000	0.5907
520.2000	0.7026
520.3000	0.8089
520.4000	0.9063
520.5000	0.9917
520.6000	1.0627
520.7000	1.1171
520.8000	1.1537
520.9000	1.1719
521.0000	1.1719
521.1000	1.1545
521.2000	1.1214
521.3000	1.0744
521.4000	1.0161
521.5000	0.9492
521.6000	0.8765
521.7000	0.8009
521.8000	0.7251
521.9000	0.6515
522.0000	0.5824
522.1000	0.5195
522.2000	0.4643
522.3000	0.4179
522.4000	0.3809
522.5000	0.3539
522.6000	0.3369
522.7000	0.3300
522.8000	0.3327
522.9000	0.3449
523.0000	0.3660
523.1000	0.3953
523.2000	0.4321
523.3000	0.4754
523.4000	0.5243
523.5000	0.5773
523.6000	0.6329
523.7000	0.6891
523.8000	0.7439
523.9000	0.7949
524.0000	0.8394
524.1000	0.8747
524.2000	0.8979
524.3000	0.9064
524.4000	0.8976
524.5000	0.8693
524.6000	0.8198
524.7000	0.7480
524.8000	0.6535
524.9000	0.5368
525.0000	0.3993
525.1000	0.2431
525.2000	0.0713
525.3000	-0.1124
525.4000	-0.3036
525.5000	-0.4974
525.6000	-0.6889
525.7000	-0.8729
525.8000	-1.0443
525.9000	-1.1988
526.0000	-1.3324
526.1000	-1.4420
526.2000	-1.5253
526.3000	-1.5811
526.4000	-1.6093
526.5000	-1.6107
526.6000	-1.5871
526.7000	-1.5414
526.8000	-1.4769
526.9000	-1.3977
527.0000	-1.3080
527.1000	-1.2123
527.2000	-1.1150
527.3000	-1.0200
527.4000	-0.9310
527.5000	-0.8508
527.6000	-0.7817
527.7000	-0.7251
527.8000	-0.6814
527.9000	-0.6505
528.0000	-0.6311
528.1000	-0.6217
528.2000	-0.6198
528.3000	-0.6228
528.4000	-0.6276
528.5000	-0.6313
528.6000	-0.6307
528.7000	-0.6232
528.8000	-0.6062
528.9000	-0.5778
529.0000	-0.5366
529.1000	-0.4818
529.2000	-0.4133
529.3000	-0.3314
529.4000	-0.2372
529.5000	-0.1324
529.6000	-0.0190
529.7000	0.1006
529.8000	0.2237
529.9000	0.3476
530.0000	0.4694
530.1000	0.5865
530.2000	0.6965
530.3000	0.7972
530.4000	0.8867
530.5000	0.9638
530.6000	1.0275
530.7000	1.0774
530.8000	1.1135
530.9000	1.1362
531.0000	1.1463
531.1000	1.1448
531.2000	1.1331
531.3000	1.1124
531.4000	1.0842
531.5000	1.0498
531.6000	1.0105
531.7000	0.9673
531.8000	0.9211
531.9000	0.8724
532.0000	0.8218
532.1000	0.7692
532.2000	0.7146
532.3000	0.6580
532.4000	0.5989
532.5000	0.5372
532.6000	0.4727
532.7000	0.4053
532.8000	0.3350
532.9000	0.2624
533.0000	0.1879
533.1000	0.1123
533.2000	0.0369
533.3000	-0.0371
533.4000	-0.1082
533.5000	-0.1750
533.6000	-0.2359
533.7000	-0.2894
533.8000	-0.3344
533.9000	-0.3699
534.0000	-0.3953
534.1000	-0.4103
534.2000	-0.4152
534.3000	-0.4107
534.4000	-0.3978
534.5000	-0.3782
534.6000	-0.3535
534.7000	-0.3259
534.8000	-0.2975
534.9000	-0.2706
535.0000	-0.2473
535.1000	-0.2293
535.2000	-0.2183
535.3000	-0.2153
535.4000	-0.2211
535.5000	-0.2356
535.6000	-0.2586
535.7000	-0.2890
535.8000	-0.3254
535.9000	-0.3661
536.0000	-0.4091
536.1000	-0.4520
536.2000	-0.4926
536.3000	-0.5287
536.4000	-0.5584
536.5000	-0.5800
536.6000	-0.5922
536.7000	-0.5944
536.8000	-0.5863
536.9000	-0.5680
537.0000	-0.5406
537.1000	-0.5050
537.2000	-0.4629
537.3000	-0.4160
537.4000	-0.3664
537.5000	-0.3159
537.6000	-0.2663
537.7000	-0.2192
537.8000	-0.1759
537.9000	-0.1373
538.0000	-0.1038
538.1000	-0.0753
538.2000	-0.0514
538.3000	-0.0312
538.4000	-0.0136
538.5000	0.0028
538.6000	0.0196
538.7000	0.0382
538.8000	0.0601
538.9000	0.0863
539.0000	0.1177
539.1000	0.1548
539.2000	0.1974
539.3000	0.2452
539.4000	0.2973
539.5000	0.3523
539.6000	0.4088
539.7000	0.4649
539.8000	0.5189
539.9000	0.5687
540.0000	0.6129
540.1000	0.6499
540.2000	0.6786
540.3000	0.6984
540.4000	0.7090
540.5000	0.7106
540.6000	0.7039
540.7000	0.6898
540.8000	0.6697
540.9000	0.6449
541.0000	0.6172
541.1000	0.5880
541.2000	0.5587
541.3000	0.5304
541.4000	0.5040
541.5000	0.4799
541.6000	0.4581
541.7000	0.4383
541.8000	0.4199
541.9000	0.4018
542.0000	0.3829
542.1000	0.3619
542.2000	0.3377
542.3000	0.3090
542.4000	0.2751
542.5000	0.2354
542.6000	0.1897
542.7000	0.1382
542.8000	0.0814
542.9000	0.0205
543.0000	-0.0434
543.1000	-0.1086
543.2000	-0.1735
543.3000	-0.2365
543.4000	-0.2959
543.5000	-0.3502
543.6000	-0.3983
543.7000	-0.4393
543.8000	-0.4728
543.9000	-0.4987
544.0000	-0.5171
544.1000	-0.5288
544.2000	-0.5346
544.3000	-0.5353
544.4000	-0.5322
544.5000	-0.5263
544.6000	-0.5184
544.7000	-0.5095
544.8000	-0.4999
544.9000	-0.4901
545.0000	-0.4799
545.1000	-0.4692
545.2000	-0.4575
545.3000	-0.4443
545.4000	-0.4289
545.5000	-0.4109
545.6000	-0.3897
545.7000	-0.3653
545.8000	-0.3376
545.9000	-0.3070
546.0000	-0.2743
546.1000	-0.2405
546.2000	-0.2067
546.3000	-0.1745
546.4000	-0.1453
546.5000	-0.1208
546.6000	-0.1023
546.7000	-0.0909
546.8000	-0.0874
546.9000	-0.0923
547.0000	-0.1056
547.1000	-0.1265
547.2000	-0.1542
547.3000	-0.1872
547.4000	-0.2236
547.5000	-0.2613
547.6000	-0.2983
547.7000	-0.3322
547.8000	-0.3610
547.9000	-0.3829
548.0000	-0.3964
548.1000	-0.4005
548.2000	-0.3948
548.3000	-0.3792
548.4000	-0.3543
548.5000	-0.3211
548.6000	-0.2808
548.7000	-0.2352
548.8000	-0.1860
548.9000	-0.1352
549.0000	-0.0843
549.1000	-0.0351
549.2000	0.0112
549.3000	0.0536
549.4000	0.0917
549.5000	0.1252
549.6000	0.1544
549.7000	0.1797
549.8000	0.2021
549.9000	0.2225
550.0000	0.2417
550.1000	0.2610
550.2000	0.2810
550.3000	0.3025
550.4000	0.3258
550.5000	0.3510
550.6000	0.3780
550.7000	0.4062
550.8000	0.4351
550.9000	0.4637
551.0000	0.4910
551.1000	0.5163
551.2000	0.5386
551.3000	0.5572
551.4000	0.5717
551.5000	0.5821
551.6000	0.5884
551.7000	0.5911
551.8000	0.5910
551.9000	0.5890
552.0000	0.5864
552.1000	0.5841
552.2000	0.5835
552.3000	0.5856
552.4000	0.5910
552.5000	0.6004
552.6000	0.6138
552.7000	0.6308
552.8000	0.6509
552.9000	0.6728
553.0000	0.6951
553.1000	0.7159
553.2000	0.7333
553.3000	0.7450
553.4000	0.7491
553.5000	0.7434
553.6000	0.7262
553.7000	0.6960
553.8000	0.6518
553.9000	0.5929
554.0000	0.5192
554.1000	0.4311
554.2000	0.3295
554.3000	0.2157
554.4000	0.0915
554.5000	-0.0410
554.6000	-0.1796
554.7000	-0.3218
554.8000	-0.4649
554.9000	-0.6063
555.0000	-0.7436
555.1000	-0.8744
555.2000	-0.9965
555.3000	-1.1079
555.4000	-1.2070
555.5000	-1.2921
555.6000	-1.3620
555.7000	-1.4159
555.8000	-1.4529
555.9000	-1.4724
556.0000	-1.4743
556.1000	-1.4583
556.2000	-1.4245
556.3000	-1.3733
556.4000	-1.3053
556.5000	-1.2210
556.6000	-1.1217
556.7000	-1.0085
556.8000	-0.8830
556.9000	-0.7471
557.0000	-0.6027
557.1000	-0.4523
557.2000	-0.2984
557.3000	-0.1437
557.4000	0.0090
557.5000	0.1570
557.6000	0.2973
557.7000	0.4275
557.8000	0.5452
557.9000	0.6483
558.0000	0.7352
558.1000	0.8048
558.2000	0.8565
558.3000	0.8903
558.4000	0.9067
558.5000	0.9067
558.6000	0.8920
558.7000	0.8644
558.8000	0.8265
558.9000	0.7806
559.0000	0.7295
559.1000	0.6759
559.2000	0.6221
559.3000	0.5706
559.4000	0.5231
559.5000	0.4811
559.6000	0.4457
559.7000	0.4171
559.8000	0.3953
559.9000	0.3796
560.0000	0.3691
560.1000	0.3622
560.2000	0.3572
560.3000	0.3522
560.4000	0.3453
560.5000	0.3344
560.6000	0.3180
560.7000	0.2946
560.8000	0.2630
560.9000	0.2225
561.0000	0.1730
561.1000	0.1145
561.2000	0.0477
561.3000	-0.0263
561.4000	-0.1062
561.5000	-0.1905
561.6000	-0.2774
561.7000	-0.3651
561.8000	-0.4516
561.9000	-0.5355
562.0000	-0.6151
562.1000	-0.6891
562.2000	-0.7564
562.3000	-0.8165
562.4000	-0.8687
562.5000	-0.9128
562.6000	-0.9489
562.7000	-0.9772
562.8000	-0.9978
562.9000	-1.0112
563.0000	-1.0177
563.1000	-1.0175
563.2000	-1.0109
563.3000	-0.9980
563.4000	-0.9787
563.5000	-0.9530
563.6000	-0.9204
563.7000	-0.8809
563.8000	-0.8341
563.9000	-0.7796
564.0000	-0.7175
564.1000	-0.6475
564.2000	-0.5699
564.3000	-0.4852
564.4000	-0.3938
564.5000	-0.2967
564.6000	-0.1950
564.7000	-0.0900
564.8000	0.0168
564.9000	0.1238
565.0000	0.2293
565.1000	0.3315
565.2000	0.4290
565.3000	0.5202
565.4000	0.6038
565.5000	0.6787
565.6000	0.7440
565.7000	0.7993
565.8000	0.8442
565.9000	0.8787
566.0000	0.9031
566.1000	0.9178
566.2000	0.9234
566.3000	0.9207
566.4000	0.9106
566.5000	0.8940
566.6000	0.8718
566.7000	0.8449
566.8000	0.8142
566.9000	0.7805
567.0000	0.7445
567.1000	0.7069
567.2000	0.6682
567.3000	0.6289
567.4000	0.5894
567.5000	0.5502
567.6000	0.5116
567.7000	0.4740
567.8000	0.4376
567.9000	0.4029
568.0000	0.3702
568.1000	0.3400
568.2000	0.3125
568.3000	0.2884
568.4000	0.2680
568.5000	0.2518
568.6000	0.2403
568.7000	0.2341
568.8000	0.2335
568.9000	0.2391
569.0000	0.2512
569.1000	0.2701
569.2000	0.2960
569.3000	0.3290
569.4000	0.3689
569.5000	0.4154
569.6000	0.4679
569.7000	0.5255
569.8000	0.5873
569.9000	0.6517
570.0000	0.7172
570.1000	0.7817
570.2000	0.8433
570.3000	0.8994
570.4000	0.9478
570.5000	0.9861
570.6000	1.0117
570.7000	1.0226
570.8000	1.0167
570.9000	0.9924
571.0000	0.9486
571.1000	0.8844
571.2000	0.7998
571.3000	0.6950
571.4000	0.5710
571.5000	0.4291
571.6000	0.2711
571.7000	0.0994
571.8000	-0.0837
571.9000	-0.2755
572.0000	-0.4733
572.1000	-0.6743
572.2000	-0.8762
572.3000	-1.0765
572.4000	-1.2733
572.5000	-1.4648
572.6000	-1.6495
572.7000	-1.8263
572.8000	-1.9941
572.9000	-2.1521
573.0000	-2.2995
573.1000	-2.4355
573.2000	-2.5589
573.3000	-2.6687
573.4000	-2.7635
573.5000	-2.8416
573.6000	-2.9011
573.7000	-2.9400
573.8000	-2.9562
573.9000	-2.9476
574.0000	-2.9123
574.1000	-2.8489
574.2000	-2.7561
574.3000	-2.6337
574.4000	-2.4818
574.5000	-2.3017
574.6000	-2.0952
574.7000	-1.8653
574.8000	-1.6155
574.9000	-1.3502
575.0000	-1.0742
575.1000	-0.7926
575.2000	-0.5105
575.3000	-0.2332
575.4000	0.0347
575.5000	0.2890
575.6000	0.5264
575.7000	0.7443
575.8000	0.9411
575.9000	1.1163
576.0000	1.2701
576.1000	1.4037
576.2000	1.5189
576.3000	1.6180
576.4000	1.7035
576.5000	1.7779
576.6000	1.8436
576.7000	1.9026
576.8000	1.9563
576.9000	2.0056
577.0000	2.0504
577.1000	2.0903
577.2000	2.1240
577.3000	2.1499
577.4000	2.1659
577.5000	2.1701
577.6000	2.1604
577.7000	2.1350
577.8000	2.0927
577.9000	2.0329
578.0000	1.9557
578.1000	1.8621
578.2000	1.7537
578.3000	1.6330
578.4000	1.5031
578.5000	1.3673
578.6000	1.2295
578.7000	1.0934
578.8000	0.9626
578.9000	0.8402
579.0000	0.7290
579.1000	0.6309
579.2000	0.5470
579.3000	0.4777
579.4000	0.4227
579.5000	0.3808
579.6000	0.3502
579.7000	0.3288
579.8000	0.3141
579.9000	0.3035
580.0000	0.2946
580.1000	0.2850
580.2000	0.2729
580.3000	0.2567
580.4000	0.2355
580.5000	0.2088
580.6000	0.1764
580.7000	0.1389
580.8000	0.0968
580.9000	0.0510
581.0000	0.0026
581.1000	-0.0476
581.2000	-0.0986
581.3000	-0.1497
581.4000	-0.2006
581.5000	-0.2508
581.6000	-0.3005
581.7000	-0.3498
581.8000	-0.3989
581.9000	-0.4483
582.0000	-0.4983
582.1000	-0.5492
582.2000	-0.6012
582.3000	-0.6543
582.4000	-0.7083
582.5000	-0.7629
582.6000	-0.8176
582.7000	-0.8717
582.8000	-0.9246
582.9000	-0.9755
583.0000	-1.0238
583.1000	-1.0689
583.2000	-1.1104
583.3000	-1.1479
583.4000	-1.1813
583.5000	-1.2106
583.6000	-1.2359
583.7000	-1.2571
583.8000	-1.2745
583.9000	-1.2879
584.0000	-1.2970
584.1000	-1.3015
584.2000	-1.3008
584.3000	-1.2940
584.4000	-1.2800
584.5000	-1.2577
584.6000	-1.2258
584.7000	-1.1832
584.8000	-1.1290
584.9000	-1.0624
585.0000	-0.9833
585.1000	-0.8918
585.2000	-0.7887
585.3000	-0.6754
585.4000	-0.5540
585.5000	-0.4269
585.6000	-0.2970
585.7000	-0.1677
585.8000	-0.0423
585.9000	0.0758
586.0000	0.1836
586.1000	0.2783
586.2000	0.3577
586.3000	0.4204
586.4000	0.4657
586.5000	0.4938
586.6000	0.5056
586.7000	0.5029
586.8000	0.4880
586.9000	0.4638
587.0000	0.4334
587.1000	0.4002
587.2000	0.3672
587.3000	0.3373
587.4000	0.3129
587.5000	0.2958
587.6000	0.2871
587.7000	0.2871
587.8000	0.2953
587.9000	0.3108
588.0000	0.3317
588.1000	0.3559
588.2000	0.3812
588.3000	0.4049
588.4000	0.4246
588.5000	0.4383
588.6000	0.4442
588.7000	0.4411
588.8000	0.4284
588.9000	0.4061
589.0000	0.3750
589.1000	0.3364
589.2000	0.2920
589.3000	0.2442
589.4000	0.1952
589.5000	0.1477
589.6000	0.1043
589.7000	0.0672
589.8000	0.0386
589.9000	0.0200
590.0000	0.0126
590.1000	0.0170
590.2000	0.0332
590.3000	0.0608
590.4000	0.0989
590.5000	0.1460
590.6000	0.2003
590.7000	0.2599
590.8000	0.3226
590.9000	0.3860
591.0000	0.4480
591.1000	0.5065
591.2000	0.5594
591.3000	0.6050
591.4000	0.6420
591.5000	0.6691
591.6000	0.6858
591.7000	0.6915
591.8000	0.6864
591.9000	0.6707
592.0000	0.6450
592.1000	0.6105
592.2000	0.5682
592.3000	0.5196
592.4000	0.4664
592.5000	0.4101
592.6000	0.3525
592.7000	0.2953
592.8000	0.2398
592.9000	0.1876
593.0000	0.1398
593.1000	0.0970
593.2000	0.0600
593.3000	0.0287
593.4000	0.0031
593.5000	-0.0173
593.6000	-0.0332
593.7000	-0.0457
593.8000	-0.0559
593.9000	-0.0649
594.0000	-0.0739
594.1000	-0.0839
594.2000	-0.0958
594.3000	-0.1101
594.4000	-0.1272
594.5000	-0.1469
594.6000	-0.1689
594.7000	-0.1923
594.8000	-0.2163
594.9000	-0.2395
595.0000	-0.2606
595.1000	-0.2783
595.2000	-0.2914
595.3000	-0.2987
595.4000	-0.2996
595.5000	-0.2936
595.6000	-0.2807
595.7000	-0.2614
595.8000	-0.2366
595.9000	-0.2076
596.0000	-0.1758
596.1000	-0.1432
596.2000	-0.1115
596.3000	-0.0827
596.4000	-0.0586
596.5000	-0.0405
596.6000	-0.0295
596.7000	-0.0264
596.8000	-0.0311
596.9000	-0.0435
597.0000	-0.0625
597.1000	-0.0868
597.2000	-0.1149
597.3000	-0.1447
597.4000	-0.1742
597.5000	-0.2015
597.6000	-0.2247
597.7000	-0.2422
597.8000	-0.2528
597.9000	-0.2559
598.0000	-0.2512
598.1000	-0.2392
598.2000	-0.2207
598.3000	-0.1970
598.4000	-0.1699
598.5000	-0.1413
598.6000	-0.1133
598.7000	-0.0881
598.8000	-0.0674
598.9000	-0.0531
599.0000	-0.0465
599.1000	-0.0485
599.2000	-0.0594
599.3000	-0.0793
599.4000	-0.1075
599.5000	-0.1432
599.6000	-0.1848
599.7000	-0.2310
599.8000	-0.2799
599.9000	-0.3299
600.0000	-0.3792
